Id,Label,timeset,indegree,outdegree,Degree,weighted indegree,weighted outdegree,Weighted Degree,Eccentricity,closnesscentrality,harmonicclosnesscentrality,betweenesscentrality,pageranks,componentnumber,strongcompnum,eigencentrality
1_1,,,0,32,32,0,32,32,17,0.156675,0.198845,0,0.000113,0,1185,0
1_2,,,4,4,8,4,4,8,19,0.111467,0.128129,0.006147,0.000266,0,1081,0.10064
1_3,,,2,0,2,2,0,2,0,0,0,0,0.000138,0,1184,0.053034
1_4,,,4,16,20,4,16,20,19,0.112899,0.141915,0.000511,0.000201,0,1183,0.064776
3_1,,,3,1,4,3,1,4,1,1,1,0.000048,0.000293,0,1008,0.307374
3_2,,,3,1,4,3,1,4,22,0.08698,0.101723,0.000104,0.000293,0,1081,0.307374
4_78,,,7,5,12,7,5,12,22,0.086513,0.096695,0.002094,0.000682,0,1081,0.122758
6_3,,,2,1,3,2,1,3,1,1,1,0,0.00077,0,1104,0.025116
6_14,,,1,4,5,1,4,5,2,0.833333,0.9,0,0.000116,0,1120,0.005871
7_180,,,1,0,1,1,0,1,0,0,0,0,0.000116,0,1118,0.005871
9_128,,,4,5,9,4,5,9,18,0.106186,0.124924,0.006051,0.000242,0,1081,0.077363
11_41,,,3,8,11,3,8,11,21,0.097917,0.117289,0.00273,0.000215,0,1081,0.071973
13_28,,,2,0,2,2,0,2,0,0,0,0,0.000153,0,458,0.084612
14_1,,,3,2,5,3,2,5,23,0.082562,0.090786,0.000037,0.000215,0,1081,0.034359
14_2,,,1,1,2,1,1,2,19,0.100011,0.110035,0.000007,0.000116,0,1117,0.005871
16_53,,,3,1,4,3,1,4,1,1,1,0.00006,0.000364,0,749,0.093669
17_110,,,5,2,7,5,2,7,21,0.098654,0.112348,0.000659,0.000361,0,1105,0.066993
18_38,,,1,0,1,1,0,1,0,0,0,0,0.000116,0,1116,0.005871
19_65,,,2,0,2,2,0,2,0,0,0,0,0.000132,0,1115,0.011742
20_5,,,1,0,1,1,0,1,0,0,0,0,0.000116,0,1114,0.005871
23_88,,,4,3,7,4,3,7,4,0.444444,0.604167,0.000171,0.000375,0,146,0.120614
25_59,,,1,3,4,1,3,4,19,0.104777,0.117647,0.000009,0.000116,0,1113,0.005871
25_60,,,1,1,2,1,1,2,22,0.089843,0.099482,0,0.000116,0,1106,0.005871
33_43,,,2,6,8,2,6,8,21,0.095084,0.111255,0.000687,0.000141,0,1081,0.027286
43_45,,,7,1,8,7,1,8,2,0.571429,0.625,0,0.001809,0,62,0.509675
43_84,,,2,1,3,2,1,3,1,1,1,0,0.00077,0,1104,0.025116
55_78,,,1,9,10,1,9,10,4,0.488372,0.642857,0.000001,0.000116,0,1103,0.005871
56_74,,,2,0,2,2,0,2,0,0,0,0,0.000331,0,626,0.037544
59_22,,,2,6,8,2,6,8,20,0.103758,0.120469,0.000531,0.000269,0,1086,0.047487
59_23,,,2,0,2,2,0,2,0,0,0,0,0.000126,0,1083,0.041646
59_24,,,2,2,4,2,2,4,23,0.084322,0.097373,0.000242,0.000269,0,1082,0.047487
76_2,,,3,1,4,3,1,4,1,1,1,0.000079,0.000254,0,2,0.076417
96_1,,,1,0,1,1,0,1,0,0,0,0,0.000116,0,0,0.005871
18_46,,,1,2,3,1,2,3,7,0.21134,0.263763,0.001215,0.000169,0,1074,0.044942
25_1,,,4,10,14,4,10,14,18,0.121506,0.142915,0.0083,0.000314,0,1081,0.195998
26_23,,,2,5,7,2,5,7,32,0.049711,0.05676,0.000786,0.000205,0,1081,0.062763
26_24,,,1,0,1,1,0,1,0,0,0,0,0.000169,0,1059,0.044942
2_247,,,2,0,2,2,0,2,0,0,0,0,0.000422,0,1182,0.058621
5_20,,,4,6,10,4,6,10,19,0.10421,0.117372,0.00068,0.000239,0,1181,0.073623
6_73,,,2,21,23,2,21,23,22,0.096253,0.130491,0.000312,0.000147,0,1175,0.041646
11_105,,,8,3,11,8,3,11,23,0.083285,0.095539,0.004111,0.000765,0,1081,0.404916
18_79,,,4,0,4,4,0,4,0,0,0,0,0.00017,0,1031,0.081027
19_40,,,1,0,1,1,0,1,0,0,0,0,0.000123,0,1128,0.035775
20_108,,,3,3,6,3,3,6,24,0.07794,0.088346,0.000721,0.000386,0,1081,0.188619
24_25,,,1,0,1,1,0,1,0,0,0,0,0.000123,0,1127,0.035775
25_26,,,5,6,11,5,6,11,23,0.072875,0.081229,0.000058,0.000212,0,1126,0.077493
37_53,,,1,0,1,1,0,1,0,0,0,0,0.000123,0,1123,0.035775
40_16,,,6,0,6,6,0,6,0,0,0,0,0.000234,0,992,0.152175
69_18,,,2,0,2,2,0,2,0,0,0,0,0.000214,0,66,0.053323
78_38,,,6,4,10,6,4,10,22,0.089936,0.102086,0.004696,0.000482,0,1081,0.21806
114_1,,,2,0,2,2,0,2,0,0,0,0,0.000137,0,1122,0.041646
114_2,,,2,0,2,2,0,2,0,0,0,0,0.000137,0,1121,0.041646
1_5,,,4,14,18,4,14,18,17,0.150221,0.183023,0.00114,0.00036,0,1202,0.098065
1_6,,,4,9,13,4,9,13,18,0.109234,0.127587,0.002052,0.000317,0,1081,0.134988
1_7,,,2,15,17,2,15,17,16,0.135777,0.164961,0.001232,0.00021,0,1201,0.070383
11_123,,,6,0,6,6,0,6,0,0,0,0,0.000511,0,1186,0.188026
15_97,,,3,0,3,3,0,3,0,0,0,0,0.000184,0,620,0.082703
15_98,,,3,0,3,3,0,3,0,0,0,0,0.000184,0,619,0.082703
15_99,,,5,5,10,5,5,10,1,1,1,0.000158,0.000458,0,618,0.127615
17_1,,,2,15,17,2,15,17,22,0.095471,0.11916,0.004617,0.000161,0,1081,0.115652
18_1,,,3,0,3,3,0,3,0,0,0,0,0.000204,0,601,0.150346
67_29,,,4,1,5,4,1,5,1,1,1,0,0.000185,0,1187,0.087197
72_19,,,3,1,4,3,1,4,21,0.103537,0.116461,0.001023,0.000183,0,1081,0.15373
73_9,,,7,2,9,7,2,9,18,0.13062,0.149298,0.000492,0.000397,0,1202,0.109326
3_8,,,1,0,1,1,0,1,0,0,0,0,0.000143,0,888,0.053821
4_136,,,3,2,5,3,2,5,19,0.098505,0.110462,0.001781,0.000176,0,1081,0.136137
7_43,,,7,1,8,7,1,8,1,1,1,0.000077,0.000721,0,519,0.169203
16_121,,,7,2,9,7,2,9,18,0.106478,0.119394,0.000923,0.000325,0,1081,0.370257
21_87,,,3,5,8,3,5,8,24,0.090871,0.107356,0.000948,0.000225,0,1081,0.070079
28_24,,,2,0,2,2,0,2,0,0,0,0,0.000146,0,885,0.059692
37_23,,,4,1,5,4,1,5,3,0.5,0.583333,0.000136,0.000281,0,438,0.19355
42_52,,,8,1,9,8,1,9,23,0.087691,0.095899,0.003041,0.000509,0,1081,0.199938
90_10,,,2,2,4,2,2,4,23,0.083453,0.091828,0.000355,0.000229,0,1081,0.075679
2_90,,,1,1,2,1,1,2,19,0.099326,0.108209,0.000147,0.000125,0,1200,0.031879
3_7,,,3,14,17,3,14,17,21,0.111282,0.139746,0.005533,0.000213,0,1081,0.109219
4_69,,,2,2,4,2,2,4,1,1,1,0.000003,0.00022,0,1199,0.03775
4_70,,,1,0,1,1,0,1,0,0,0,0,0.000125,0,1197,0.031879
5_2,,,5,10,15,5,10,15,21,0.093419,0.111009,0.001829,0.00027,0,1081,0.16862
5_60,,,2,0,2,2,0,2,0,0,0,0,0.000187,0,1196,0.049039
5_77,,,1,0,1,1,0,1,0,0,0,0,0.000125,0,1195,0.031879
5_78,,,2,0,2,2,0,2,0,0,0,0,0.000187,0,1194,0.049039
5_79,,,2,2,4,2,2,4,1,1,1,0.000005,0.000167,0,1179,0.063922
7_186,,,5,2,7,5,2,7,19,0.096263,0.106988,0.003209,0.000548,0,1081,0.182316
10_88,,,7,4,11,7,4,11,21,0.10493,0.116594,0.016241,0.000964,0,1081,0.376754
10_89,,,4,0,4,4,0,4,0,0,0,0,0.000397,0,1076,0.180052
18_17,,,5,0,5,5,0,5,0,0,0,0,0.000536,0,436,0.165582
58_14,,,1,1,2,1,1,2,21,0.086237,0.096444,0.000098,0.000125,0,1193,0.031879
2_2,,,3,6,9,3,6,9,20,0.101863,0.118773,0.005332,0.000282,0,1081,0.277513
2_3,,,3,9,12,3,9,12,19,0.107658,0.129293,0.004731,0.000208,0,1081,0.104493
10_57,,,2,2,4,2,2,4,23,0.087704,0.096378,0.000103,0.000178,0,1081,0.100116
17_82,,,10,3,13,10,3,13,23,0.087669,0.096431,0.000173,0.001284,0,1081,0.702799
32_1,,,4,0,4,4,0,4,0,0,0,0,0.000417,0,273,0.45405
32_2,,,3,0,3,3,0,3,0,0,0,0,0.00038,0,272,0.339516
41_44,,,13,4,17,13,4,17,22,0.096067,0.107981,0.008347,0.001839,0,1081,0.762924
2_1,,,4,0,4,4,0,4,0,0,0,0,0.000531,0,894,0.365055
2_5,,,1,5,6,1,5,6,19,0.114968,0.140766,0.002716,0.000132,0,1081,0.039555
9_61,,,1,0,1,1,0,1,0,0,0,0,0.000132,0,605,0.039555
12_17,,,1,0,1,1,0,1,0,0,0,0,0.000132,0,604,0.039555
35_28,,,2,2,4,2,2,4,1,1,1,0.000152,0.00018,0,350,0.056223
50_33,,,2,0,2,2,0,2,0,0,0,0,0.00018,0,603,0.045426
67_12,,,4,0,4,4,0,4,0,0,0,0,0.000372,0,602,0.057168
84_25,,,1,2,3,1,2,3,24,0.078909,0.089644,0.00143,0.000132,0,1081,0.039555
2_4,,,1,16,17,1,16,17,18,0.117207,0.144416,0.001376,0.000135,0,1081,0.01912
2_285,,,3,0,3,3,0,3,0,0,0,0,0.000249,0,502,0.040769
3_199,,,7,13,20,7,13,20,18,0.111403,0.132034,0.001386,0.00034,0,1081,0.242457
4_47,,,1,3,4,1,3,4,22,0.09169,0.101718,0.00013,0.00012,0,1081,0.013827
4_152,,,1,1,2,1,1,2,1,1,1,0,0.00012,0,892,0.013827
5_68,,,3,0,3,3,0,3,0,0,0,0,0.000467,0,402,0.148277
28_52,,,5,9,14,5,9,14,18,0.109723,0.128461,0.000863,0.000209,0,1081,0.286209
28_53,,,6,0,6,6,0,6,0,0,0,0,0.000241,0,634,0.29208
28_54,,,5,0,5,5,0,5,0,0,0,0,0.000209,0,633,0.286209
29_46,,,2,3,5,2,3,5,18,0.099799,0.111739,0.000557,0.000246,0,1081,0.039414
87_1,,,4,1,5,4,1,5,1,1,1,0.000079,0.000253,0,627,0.050521
87_2,,,3,0,3,3,0,3,0,0,0,0,0.000158,0,625,0.04465
87_3,,,5,1,6,5,1,6,1,1,1,0.000027,0.000398,0,624,0.106905
87_4,,,2,0,2,2,0,2,0,0,0,0,0.000135,0,623,0.031437
87_5,,,1,0,1,1,0,1,0,0,0,0,0.00012,0,622,0.013827
2_6,,,3,7,10,3,7,10,21,0.096659,0.111321,0.000714,0.000191,0,1081,0.030862
2_7,,,2,7,9,2,7,9,21,0.090422,0.109288,0.003641,0.00024,0,1081,0.085299
2_145,,,1,2,3,1,2,3,21,0.093812,0.102174,0,0.000136,0,1081,0.022859
10_96,,,19,0,19,19,0,19,0,0,0,0,0.001242,0,56,0.500355
10_97,,,20,2,22,20,2,22,20,0.103438,0.11483,0.014012,0.001267,0,1081,0.520367
11_12,,,3,5,8,3,5,8,2,0.666667,0.75,0.000355,0.000208,0,621,0.034601
13_40,,,11,6,17,11,6,17,2,0.8,0.875,0.000576,0.00068,0,613,0.228706
14_28,,,8,3,11,8,3,11,29,0.054801,0.061756,0.001108,0.000565,0,1081,0.212752
14_29,,,5,0,5,5,0,5,0,0,0,0,0.000306,0,606,0.097799
4_155,,,3,1,4,3,1,4,2,0.666667,0.75,0.000055,0.000367,0,535,0.060027
6_110,,,13,5,18,13,5,18,26,0.069374,0.080644,0.001445,0.000845,0,1081,0.231315
42_24,,,1,6,7,1,6,7,2,0.875,0.928571,0.00041,0.000142,0,532,0.034193
45_23,,,2,1,3,2,1,3,20,0.087846,0.095465,0.000088,0.000247,0,1081,0.100373
56_22,,,2,2,4,2,2,4,29,0.058201,0.064731,0.000416,0.000166,0,1081,0.040064
61_5,,,6,3,9,6,3,9,25,0.088598,0.104773,0.002578,0.000463,0,1081,0.149505
83_14,,,1,0,1,1,0,1,0,0,0,0,0.000142,0,420,0.034193
2_8,,,2,1,3,2,1,3,1,1,1,0.000048,0.000604,0,554,0.068507
63_1,,,2,0,2,2,0,2,0,0,0,0,0.000766,0,553,0.052802
2_9,,,1,2,3,1,2,3,23,0.074399,0.083689,0,0.000192,0,1081,0.065812
4_142,,,7,6,13,7,6,13,22,0.080357,0.09366,0.002367,0.000559,0,1081,0.140097
58_18,,,5,2,7,5,2,7,2,0.666667,0.75,0.000024,0.000632,0,151,0.279549
2_10,,,1,9,10,1,9,10,22,0.088829,0.101458,0.000101,0.000208,0,1206,0.005871
9_101,,,2,5,7,2,5,7,2,0.727273,0.8125,0.000501,0.00022,0,1066,0.028519
9_124,,,7,0,7,7,0,7,0,0,0,0,0.000856,0,283,0.418748
9_125,,,5,2,7,5,2,7,23,0.087664,0.096143,0.000334,0.000775,0,1081,0.374913
33_60,,,1,0,1,1,0,1,0,0,0,0,0.000132,0,1205,0.010387
33_61,,,1,0,1,1,0,1,0,0,0,0,0.000132,0,1204,0.010387
34_54,,,4,2,6,4,2,6,23,0.087746,0.095638,0.000399,0.000276,0,1203,0.028
47_17,,,3,0,3,3,0,3,0,0,0,0,0.000409,0,669,0.082663
47_30,,,4,0,4,4,0,4,0,0,0,0,0.000221,0,1060,0.042056
57_14,,,3,0,3,3,0,3,0,0,0,0,0.000243,0,777,0.08207
2_11,,,0,3,3,0,3,3,27,0.063514,0.069282,0,0.000113,0,1212,0
4_144,,,3,1,4,3,1,4,26,0.067733,0.073815,0.000101,0.000333,0,1211,0.132904
4_145,,,3,0,3,3,0,3,0,0,0,0,0.000235,0,852,0.144521
8_73,,,2,0,2,2,0,2,0,0,0,0,0.000271,0,1207,0.071009
2_13,,,0,1,1,0,1,1,1,1,1,0,0.000113,1,1214,0
4_5,,,1,0,1,1,0,1,0,0,0,0,0.000208,1,1213,0.005871
2_14,,,1,1,2,1,1,2,21,0.102101,0.113479,0.000101,0.000208,0,1215,0.005871
6_112,,,5,6,11,5,6,11,20,0.113645,0.131236,0.002081,0.000513,0,1081,0.109674
2_15,,,0,11,11,0,11,11,22,0.097684,0.118653,0,0.000113,0,1218,0
2_194,,,4,2,6,4,2,6,28,0.062083,0.067752,0.000275,0.000395,0,1081,0.195578
3_54,,,1,0,1,1,0,1,0,0,0,0,0.000121,0,1217,0.005871
3_178,,,4,4,8,4,4,8,22,0.095565,0.106586,0.000351,0.000312,0,1081,0.125853
9_67,,,3,1,4,3,1,4,1,1,1,0.000079,0.000275,0,1037,0.042434
9_79,,,1,0,1,1,0,1,0,0,0,0,0.000121,0,1216,0.005871
22_46,,,8,0,8,8,0,8,0,0,0,0,0.000584,0,302,0.226855
42_40,,,4,3,7,4,3,7,27,0.066185,0.073264,0.0002,0.000411,0,1081,0.130642
57_13,,,5,4,9,5,4,9,21,0.08719,0.101084,0.001786,0.000421,0,1081,0.114195
69_11,,,6,4,10,6,4,10,2,0.833333,0.9,0.000112,0.00033,0,837,0.089661
2_16,,,0,2,2,0,2,2,1,1,1,0,0.000113,0,1219,0
41_17,,,5,0,5,5,0,5,0,0,0,0,0.000487,0,884,0.045342
63_3,,,2,0,2,2,0,2,0,0,0,0,0.000199,0,546,0.053469
2_17,,,4,6,10,4,6,10,24,0.083892,0.099353,0.001857,0.000271,0,1081,0.121458
29_43,,,5,0,5,5,0,5,0,0,0,0,0.00032,0,552,0.075598
31_28,,,9,4,13,9,4,13,23,0.082542,0.096955,0.002854,0.000556,0,1081,0.25476
33_19,,,3,0,3,3,0,3,0,0,0,0,0.000287,0,541,0.072487
62_5,,,3,1,4,3,1,4,24,0.079661,0.090145,0.000728,0.000248,0,1081,0.077512
2_18,,,2,1,3,2,1,3,1,1,1,0.000033,0.000279,0,551,0.062892
2_19,,,3,7,10,3,7,10,2,0.888889,0.9375,0.000551,0.000161,0,545,0.092486
9_56,,,1,0,1,1,0,1,0,0,0,0,0.000132,0,544,0.037978
9_57,,,1,0,1,1,0,1,0,0,0,0,0.000132,0,543,0.037978
63_4,,,1,1,2,1,1,2,1,1,1,0,0.000132,0,542,0.037978
85_17,,,1,0,1,1,0,1,0,0,0,0,0.000132,0,540,0.037978
85_18,,,1,0,1,1,0,1,0,0,0,0,0.000132,0,539,0.037978
85_19,,,1,0,1,1,0,1,0,0,0,0,0.000132,0,538,0.037978
85_20,,,1,0,1,1,0,1,0,0,0,0,0.000132,0,537,0.037978
2_20,,,1,9,10,1,9,10,21,0.089435,0.108543,0.000133,0.000175,0,1191,0.013455
22_3,,,2,0,2,2,0,2,0,0,0,0,0.000239,0,1189,0.025265
22_8,,,1,1,2,1,1,2,1,1,1,0,0.000129,0,1190,0.012691
22_11,,,3,0,3,3,0,3,0,0,0,0,0.000277,0,877,0.08094
24_39,,,7,1,8,7,1,8,3,0.5,0.583333,0.000025,0.000563,0,331,0.258472
24_40,,,5,3,8,5,3,8,20,0.094127,0.108699,0.005837,0.000371,0,1081,0.176653
57_12,,,2,1,3,2,1,3,29,0.062561,0.074265,0.000151,0.000148,0,1188,0.018562
66_8,,,3,0,3,3,0,3,0,0,0,0,0.00025,0,778,0.071453
76_24,,,2,0,2,2,0,2,0,0,0,0,0.000152,0,391,0.088919
2_22,,,1,4,5,1,4,5,3,0.518519,0.607143,0.000532,0.000226,0,361,0.025328
21_32,,,3,4,7,3,4,7,2,0.7,0.785714,0.000336,0.00027,0,359,0.02841
35_27,,,1,1,2,1,1,2,1,1,1,0.000007,0.000161,0,351,0.016668
40_64,,,3,2,5,3,2,5,4,0.368421,0.446429,0.00061,0.000266,0,361,0.038343
2_23,,,0,5,5,0,5,5,17,0.11872,0.136695,0,0.000113,0,1271,0
10_37,,,1,0,1,1,0,1,0,0,0,0,0.000132,0,1270,0.005871
10_38,,,2,3,5,2,3,5,18,0.096935,0.110829,0.000018,0.000138,0,1269,0.020184
11_13,,,2,0,2,2,0,2,0,0,0,0,0.000171,0,1242,0.02336
17_88,,,2,0,2,2,0,2,0,0,0,0,0.000171,0,1241,0.02336
28_49,,,1,6,7,1,6,7,16,0.130528,0.153187,0.000085,0.000132,0,1240,0.005871
2_24,,,1,21,22,1,21,22,17,0.107307,0.130401,0.000121,0.000152,0,1269,0.017489
2_104,,,4,1,5,4,1,5,24,0.077735,0.084989,0.002858,0.00102,0,1081,0.22787
6_115,,,8,1,9,8,1,9,24,0.082211,0.093859,0.001441,0.000643,0,1081,0.251261
7_157,,,13,3,16,13,3,16,23,0.089551,0.106181,0.009755,0.001924,0,1081,0.445387
11_1,,,3,0,3,3,0,3,0,0,0,0,0.000159,0,1268,0.026055
17_68,,,3,4,7,3,4,7,3,0.6,0.703704,0.000003,0.000387,0,1252,0.064495
17_97,,,6,2,8,6,2,8,2,0.75,0.833333,0.00014,0.000608,0,437,0.255457
21_98,,,6,1,7,6,1,7,4,0.36,0.416667,0.000006,0.000574,0,702,0.130018
26_205,,,1,0,1,1,0,1,0,0,0,0,0.000119,0,1267,0.014313
26_206,,,1,0,1,1,0,1,0,0,0,0,0.000119,0,1266,0.014313
26_207,,,1,3,4,1,3,4,25,0.069092,0.075582,0.000019,0.000119,0,1265,0.014313
29_40,,,1,0,1,1,0,1,0,0,0,0,0.000119,0,1256,0.014313
32_17,,,2,2,4,2,2,4,19,0.099378,0.108721,0.000433,0.000264,0,1255,0.035822
43_71,,,2,0,2,2,0,2,0,0,0,0,0.000215,0,1253,0.020184
67_16,,,4,1,5,4,1,5,1,1,1,0.000001,0.000286,0,1245,0.073542
67_17,,,4,1,5,4,1,5,4,0.391304,0.453704,0.000001,0.000286,0,1252,0.073542
72_15,,,1,0,1,1,0,1,0,0,0,0,0.000119,0,1244,0.014313
103_1,,,6,0,6,6,0,6,0,0,0,0,0.00026,0,46,0.080425
103_2,,,6,0,6,6,0,6,0,0,0,0,0.00026,0,45,0.080425
103_3,,,6,0,6,6,0,6,0,0,0,0,0.00026,0,44,0.080425
108_1,,,1,0,1,1,0,1,0,0,0,0,0.000119,0,1243,0.014313
2_26,,,1,16,17,1,16,17,15,0.130594,0.158493,0.00008,0.000119,0,1290,0.005871
6_44,,,4,0,4,4,0,4,0,0,0,0,0.000243,0,295,0.086228
6_154,,,2,12,14,2,12,14,15,0.13499,0.163121,0.000225,0.000138,0,1238,0.020774
14_24,,,2,0,2,2,0,2,0,0,0,0,0.000279,0,274,0.097283
14_25,,,1,0,1,1,0,1,0,0,0,0,0.000119,0,1289,0.010387
14_26,,,1,0,1,1,0,1,0,0,0,0,0.000119,0,1288,0.010387
14_27,,,8,6,14,8,6,14,21,0.084871,0.095854,0.001935,0.000689,0,1081,0.24989
16_75,,,2,0,2,2,0,2,0,0,0,0,0.00022,0,1286,0.022458
16_76,,,1,1,2,1,1,2,1,1,1,0,0.000119,0,1287,0.010387
22_73,,,3,0,3,3,0,3,0,0,0,0,0.000205,0,1285,0.033747
29_41,,,1,0,1,1,0,1,0,0,0,0,0.000119,0,1284,0.010387
30_28,,,3,1,4,3,1,4,3,0.448276,0.487179,0.000003,0.000263,0,1283,0.022129
39_29,,,1,0,1,1,0,1,0,0,0,0,0.000119,0,1272,0.010387
74_31,,,3,3,6,3,3,6,23,0.081019,0.091118,0.000525,0.000135,0,1081,0.058547
2_27,,,0,7,7,0,7,7,17,0.124444,0.145196,0,0.000113,0,1297,0
2_40,,,1,3,4,1,3,4,20,0.094521,0.104154,0.000008,0.000126,0,1296,0.005871
7_172,,,4,11,15,4,11,15,16,0.13892,0.166942,0.003327,0.000427,0,1081,0.05417
13_19,,,4,2,6,4,2,6,25,0.076165,0.086107,0.000308,0.000318,0,1293,0.023484
13_20,,,2,0,2,2,0,2,0,0,0,0,0.000196,0,84,0.087402
13_21,,,2,0,2,2,0,2,0,0,0,0,0.000224,0,898,0.04996
13_25,,,3,0,3,3,0,3,0,0,0,0,0.000159,0,1292,0.022129
47_22,,,2,0,2,2,0,2,0,0,0,0,0.00015,0,1291,0.011742
2_28,,,5,7,12,5,7,12,23,0.080253,0.097616,0.004434,0.000544,0,1081,0.154679
16_21,,,1,0,1,1,0,1,0,0,0,0,0.000179,0,271,0.060281
36_33,,,7,0,7,7,0,7,0,0,0,0,0.000352,0,270,0.121943
40_11,,,5,7,12,5,7,12,22,0.08569,0.104709,0.003565,0.000286,0,1081,0.250822
45_26,,,2,8,10,2,8,10,23,0.0792,0.096096,0.001318,0.000211,0,1081,0.066153
52_35,,,2,0,2,2,0,2,0,0,0,0,0.000238,0,261,0.070669
52_36,,,2,0,2,2,0,2,0,0,0,0,0.000238,0,260,0.070669
76_1,,,3,0,3,3,0,3,0,0,0,0,0.000368,0,259,0.087988
2_29,,,1,15,16,1,15,16,20,0.102985,0.130279,0.001605,0.000121,0,1081,0.036355
7_54,,,14,6,20,14,6,20,19,0.099502,0.116832,0.00549,0.000981,0,1081,0.459763
16_15,,,2,2,4,2,2,4,1,1,1,0.000079,0.000151,0,1006,0.023642
21_30,,,2,0,2,2,0,2,0,0,0,0,0.000143,0,1004,0.023642
41_9,,,2,18,20,2,18,20,20,0.105503,0.137434,0.004726,0.000177,0,1081,0.102097
41_10,,,2,1,3,2,1,3,1,1,1,0.000012,0.000177,0,178,0.102097
41_11,,,3,0,3,3,0,3,0,0,0,0,0.000166,0,399,0.146803
41_12,,,4,4,8,4,4,8,21,0.095513,0.116126,0.005105,0.000269,0,1081,0.268442
67_14,,,2,0,2,2,0,2,0,0,0,0,0.000141,0,821,0.042118
68_1,,,2,6,8,2,6,8,21,0.085855,0.098353,0.001341,0.000242,0,1081,0.028158
79_27,,,3,2,5,3,2,5,2,0.75,0.833333,0.000055,0.000176,0,176,0.082869
79_28,,,2,0,2,2,0,2,0,0,0,0,0.000128,0,184,0.054126
79_29,,,2,0,2,2,0,2,0,0,0,0,0.000128,0,183,0.054126
79_30,,,2,0,2,2,0,2,0,0,0,0,0.000128,0,182,0.054126
79_31,,,2,0,2,2,0,2,0,0,0,0,0.000128,0,181,0.054126
79_32,,,3,0,3,3,0,3,0,0,0,0,0.000192,0,180,0.072124
2_30,,,4,7,11,4,7,11,18,0.111168,0.130967,0.0019,0.000194,0,1081,0.135253
2_33,,,3,5,8,3,5,8,23,0.088526,0.101464,0.000657,0.000192,0,1081,0.069062
6_165,,,4,9,13,4,9,13,19,0.109247,0.129761,0.003199,0.000232,0,1081,0.171689
10_14,,,1,0,1,1,0,1,0,0,0,0,0.000136,0,755,0.052804
19_59,,,2,4,6,2,4,6,22,0.090592,0.106429,0.001187,0.000184,0,1081,0.058675
27_62,,,4,5,9,4,5,9,19,0.112593,0.130026,0.001212,0.000287,0,1081,0.155012
43_60,,,3,0,3,3,0,3,0,0,0,0,0.000167,0,747,0.13932
2_31,,,1,1,2,1,1,2,1,1,1,0,0.000118,0,1299,0.005871
24_45,,,1,0,1,1,0,1,0,0,0,0,0.000213,0,1298,0.010387
11_119,,,6,2,8,6,2,8,24,0.077029,0.08639,0.001124,0.000392,0,1081,0.149519
20_7,,,5,2,7,5,2,7,24,0.076534,0.088315,0.001249,0.000315,0,1081,0.190727
27_25,,,3,2,5,3,2,5,23,0.08666,0.095691,0.00049,0.000253,0,1081,0.133392
27_26,,,1,0,1,1,0,1,0,0,0,0,0.000145,0,757,0.033518
49_4,,,2,0,2,2,0,2,0,0,0,0,0.000224,0,756,0.057694
2_34,,,0,18,18,0,18,18,19,0.107673,0.134535,0,0.000113,0,1312,0
2_32,,,2,0,2,2,0,2,0,0,0,0,0.000168,0,1310,0.016258
2_35,,,1,2,3,1,2,3,24,0.081412,0.090801,0,0.000118,0,1311,0.005871
7_13,,,1,0,1,1,0,1,0,0,0,0,0.000118,0,1309,0.005871
11_43,,,3,0,3,3,0,3,0,0,0,0,0.000528,0,39,0.079307
12_100,,,3,2,5,3,2,5,27,0.061054,0.067458,0.00018,0.000355,0,1081,0.067998
15_30,,,3,0,3,3,0,3,0,0,0,0,0.000171,0,650,0.044873
15_31,,,2,2,4,2,2,4,26,0.06777,0.073646,0.000024,0.000132,0,1308,0.02336
17_11,,,4,1,5,4,1,5,1,1,1,0.000079,0.001205,0,221,0.108203
17_78,,,1,0,1,1,0,1,0,0,0,0,0.000118,0,1306,0.005871
18_50,,,6,7,13,6,7,13,21,0.081017,0.097413,0.00075,0.000534,0,1305,0.059896
21_37,,,1,0,1,1,0,1,0,0,0,0,0.000118,0,1304,0.005871
38_71,,,1,0,1,1,0,1,0,0,0,0,0.000118,0,1303,0.005871
38_72,,,2,0,2,2,0,2,0,0,0,0,0.000282,0,640,0.049436
44_10,,,1,1,2,1,1,2,1,1,1,0,0.000118,0,1302,0.005871
55_14,,,2,0,2,2,0,2,0,0,0,0,0.000166,0,1300,0.011742
2_36,,,1,1,2,1,1,2,26,0.069007,0.075878,0.000302,0.000331,0,1313,0.014903
51_9,,,4,3,7,4,3,7,25,0.074079,0.083206,0.000503,0.000555,0,1081,0.064486
2_37,,,1,4,5,1,4,5,20,0.095269,0.111392,0.000101,0.000208,0,1316,0.005871
4_110,,,8,2,10,8,2,10,24,0.072089,0.080388,0.000941,0.000757,0,1081,0.324279
7_23,,,1,0,1,1,0,1,0,0,0,0,0.000157,0,1315,0.010387
9_104,,,4,1,5,4,1,5,22,0.082912,0.092093,0.002224,0.00046,0,1081,0.183034
25_71,,,1,3,4,1,3,4,20,0.101446,0.122314,0.000123,0.000157,0,1314,0.010387
2_38,,,0,2,2,0,2,2,28,0.060793,0.066483,0,0.000113,0,1319,0
20_123,,,2,1,3,2,1,3,27,0.064587,0.070141,0.000201,0.000256,0,1318,0.011742
20_124,,,1,1,2,1,1,2,3,0.5,0.583333,0,0.000161,0,1317,0.005871
5_12,,,1,0,1,1,0,1,0,0,0,0,0.000148,0,1295,0.010387
17_3,,,1,0,1,1,0,1,0,0,0,0,0.000148,0,1294,0.010387
2_44,,,1,4,5,1,4,5,24,0.073992,0.081413,0.000101,0.000145,0,1320,0.005871
11_88,,,2,0,2,2,0,2,0,0,0,0,0.000442,0,338,0.05753
39_9,,,5,1,6,5,1,6,1,1,1,0.000013,0.000236,0,912,0.070664
61_2,,,2,3,5,2,3,5,23,0.079701,0.087662,0.00082,0.000205,0,1081,0.029049
61_3,,,2,0,2,2,0,2,0,0,0,0,0.000205,0,876,0.029049
2_45,,,1,5,6,1,5,6,21,0.09392,0.111942,0.000202,0.000201,0,1326,0.010387
18_53,,,5,12,17,5,12,17,23,0.087347,0.112931,0.002794,0.000394,0,1081,0.105018
28_80,,,3,1,4,3,1,4,20,0.090442,0.097315,0.000237,0.000171,0,1325,0.023813
29_45,,,1,2,3,1,2,3,3,0.5,0.611111,0.000001,0.000147,0,1324,0.012071
41_34,,,4,0,4,4,0,4,0,0,0,0,0.000275,0,1322,0.049744
41_35,,,4,0,4,4,0,4,0,0,0,0,0.000275,0,1321,0.049744
2_46,,,1,2,3,1,2,3,2,0.666667,0.75,0.000157,0.000213,0,1038,0.025475
69_20,,,2,2,4,2,2,4,3,0.571429,0.708333,0.000295,0.000235,0,1038,0.047772
2_47,,,1,3,4,1,3,4,20,0.094623,0.104998,0.000157,0.000142,0,1328,0.012558
3_110,,,3,4,7,3,4,7,19,0.104013,0.116308,0.000177,0.000197,0,1180,0.058788
44_32,,,1,2,3,1,2,3,1,1,1,0,0.000153,0,1327,0.012558
2_48,,,0,20,20,0,20,20,20,0.093416,0.115561,0,0.000113,0,1344,0
2_254,,,4,1,5,4,1,5,26,0.068286,0.074373,0.0003,0.000215,0,1337,0.051521
3_91,,,2,4,6,2,4,6,27,0.064471,0.072502,0.000001,0.000142,0,1341,0.016258
5_36,,,2,0,2,2,0,2,0,0,0,0,0.000148,0,1340,0.022458
6_16,,,1,1,2,1,1,2,22,0.086318,0.094578,0.000045,0.000117,0,1343,0.005871
6_70,,,1,4,5,1,4,5,27,0.064482,0.072384,0,0.000117,0,1342,0.005871
14_31,,,2,3,5,2,3,5,27,0.064433,0.072824,0.000001,0.000148,0,1339,0.022458
26_100,,,2,1,3,2,1,3,27,0.061008,0.066903,0.000109,0.000165,0,1336,0.011742
26_101,,,2,0,2,2,0,2,0,0,0,0,0.000165,0,1335,0.011742
31_33,,,4,1,5,4,1,5,23,0.085463,0.095217,0.006985,0.000257,0,1081,0.147049
37_24,,,5,0,5,5,0,5,0,0,0,0,0.000367,0,810,0.10339
37_25,,,2,0,2,2,0,2,0,0,0,0,0.000151,0,1334,0.028986
37_26,,,2,0,2,2,0,2,0,0,0,0,0.000151,0,1333,0.028986
46_28,,,1,0,1,1,0,1,0,0,0,0,0.000117,0,1332,0.005871
57_15,,,3,11,14,3,11,14,2,0.923077,0.958333,0.000472,0.000239,0,776,0.090359
74_48,,,2,0,2,2,0,2,0,0,0,0,0.000136,0,774,0.04725
80_37,,,4,0,4,4,0,4,0,0,0,0,0.000307,0,463,0.262069
86_10,,,3,0,3,3,0,3,0,0,0,0,0.000191,0,1331,0.0243
89_25,,,3,0,3,3,0,3,0,0,0,0,0.000211,0,1330,0.037394
89_26,,,3,0,3,3,0,3,0,0,0,0,0.000211,0,1329,0.037394
2_49,,,1,5,6,1,5,6,21,0.091527,0.103031,0.000076,0.000173,0,1349,0.012558
7_168,,,3,2,5,3,2,5,23,0.077423,0.08712,0.000156,0.000339,0,1347,0.035503
14_5,,,1,0,1,1,0,1,0,0,0,0,0.000142,0,1348,0.012558
14_6,,,1,2,3,1,2,3,22,0.085548,0.094952,0,0.000142,0,1349,0.012558
21_35,,,2,0,2,2,0,2,0,0,0,0,0.000166,0,1345,0.018429
2_50,,,1,1,2,1,1,2,3,0.388889,0.452381,0.000235,0.000364,0,946,0.021249
26_63,,,3,1,4,3,1,4,2,0.545455,0.583333,0.000192,0.00057,0,665,0.095845
2_51,,,0,1,1,0,1,1,26,0.080698,0.089687,0,0.000113,0,1350,0
7_142,,,5,2,7,5,2,7,25,0.087731,0.100071,0.004272,0.000431,0,1081,0.076403
2_53,,,0,1,1,0,1,1,5,0.346154,0.42037,0,0.000113,0,1351,0
28_43,,,5,2,7,5,2,7,4,0.470588,0.572917,0.000007,0.000658,0,1235,0.05537
2_54,,,2,1,3,2,1,3,1,1,1,0,0.000345,0,1353,0.016258
7_149,,,2,0,2,2,0,2,0,0,0,0,0.000454,0,1352,0.022458
2_55,,,2,2,4,2,2,4,3,0.555556,0.666667,0.000152,0.000149,0,910,0.030063
7_155,,,4,0,4,4,0,4,0,0,0,0,0.00038,0,908,0.097792
7_156,,,7,3,10,7,3,10,2,0.8,0.875,0.000227,0.000692,0,909,0.143912
2_57,,,1,3,4,1,3,4,23,0.083997,0.092564,0.001639,0.000152,0,1081,0.021513
2_60,,,1,1,2,1,1,2,1,1,1,0.000079,0.000156,0,667,0.014428
2_210,,,2,5,7,2,5,7,22,0.091372,0.102199,0.00169,0.000192,0,1081,0.034209
34_15,,,2,0,2,2,0,2,0,0,0,0,0.000183,0,412,0.029423
2_58,,,0,3,3,0,3,3,1,1,1,0,0.000113,0,1355,0
5_21,,,1,0,1,1,0,1,0,0,0,0,0.000145,0,1354,0.005871
110_1,,,3,0,3,3,0,3,0,0,0,0,0.000193,0,372,0.062541
110_2,,,3,0,3,3,0,3,0,0,0,0,0.000193,0,371,0.062541
2_59,,,0,2,2,0,2,2,21,0.089503,0.098408,0,0.000113,0,1360,0
2_142,,,3,2,5,3,2,5,20,0.098189,0.110335,0.000106,0.000327,0,1359,0.071349
110_3,,,3,0,3,3,0,3,0,0,0,0,0.000209,0,370,0.062541
7_160,,,2,0,2,2,0,2,0,0,0,0,0.000285,0,666,0.02776
2_61,,,2,2,4,2,2,4,1,1,1,0.000158,0.000322,0,416,0.04582
76_15,,,1,0,1,1,0,1,0,0,0,0,0.000249,0,415,0.024196
76_16,,,1,0,1,1,0,1,0,0,0,0,0.000249,0,414,0.024196
2_62,,,0,5,5,0,5,5,3,0.642857,0.759259,0,0.000113,0,1363,0
3_52,,,2,0,2,2,0,2,0,0,0,0,0.000171,0,1362,0.020774
3_85,,,4,0,4,4,0,4,0,0,0,0,0.000403,0,889,0.260255
10_62,,,1,0,1,1,0,1,0,0,0,0,0.000132,0,1361,0.005871
41_30,,,5,0,5,5,0,5,0,0,0,0,0.000267,0,737,0.07854
2_63,,,0,1,1,0,1,1,23,0.079162,0.086081,0,0.000113,0,1378,0
7_171,,,2,2,4,2,2,4,22,0.085918,0.095339,0.000102,0.000273,0,1377,0.020184
2_65,,,1,6,7,1,6,7,25,0.074019,0.084394,0.000242,0.000444,0,1376,0.027522
7_163,,,3,1,4,3,1,4,26,0.068921,0.076091,0.000141,0.00039,0,1376,0.04504
7_164,,,1,0,1,1,0,1,0,0,0,0,0.000176,0,1375,0.01716
7_166,,,1,1,2,1,1,2,27,0.064482,0.070081,0,0.000176,0,1376,0.01716
2_66,,,1,5,6,1,5,6,31,0.052397,0.059802,0.000201,0.000167,0,1379,0.012558
13_31,,,4,3,7,4,3,7,1,1,1,0.00015,0.000434,0,393,0.181579
13_41,,,4,1,5,4,1,5,1,1,1,0.000057,0.000257,0,159,0.119099
21_44,,,2,1,3,2,1,3,1,1,1,0,0.000264,0,392,0.08304
46_27,,,5,0,5,5,0,5,0,0,0,0,0.000714,0,158,0.168681
79_25,,,6,2,8,6,2,8,30,0.05511,0.061597,0.002492,0.000479,0,1081,0.151554
2_67,,,0,5,5,0,5,5,1,1,1,0,0.000113,2,1385,0
2_68,,,1,0,1,1,0,1,0,0,0,0,0.000132,2,1384,0.005871
2_69,,,1,0,1,1,0,1,0,0,0,0,0.000132,2,1383,0.005871
2_70,,,1,0,1,1,0,1,0,0,0,0,0.000132,2,1382,0.005871
2_71,,,1,0,1,1,0,1,0,0,0,0,0.000132,2,1381,0.005871
2_72,,,1,0,1,1,0,1,0,0,0,0,0.000132,2,1380,0.005871
2_73,,,0,4,4,0,4,4,1,1,1,0,0.000113,0,1388,0
2_56,,,2,0,2,2,0,2,0,0,0,0,0.000165,0,907,0.030063
36_34,,,7,0,7,7,0,7,0,0,0,0,0.000276,0,1387,0.061332
36_35,,,5,0,5,5,0,5,0,0,0,0,0.000236,0,1386,0.04959
2_74,,,4,18,22,4,18,22,21,0.112302,0.143086,0.005632,0.000476,0,1081,0.231763
4_77,,,10,2,12,10,2,12,1,1,1,0.000139,0.001333,0,299,0.393399
16_48,,,7,0,7,7,0,7,0,0,0,0,0.000893,0,211,0.32701
17_44,,,12,8,20,12,8,20,22,0.091981,0.110712,0.004226,0.001081,0,1081,0.280994
18_77,,,3,0,3,3,0,3,0,0,0,0,0.000151,0,536,0.101344
33_72,,,1,0,1,1,0,1,0,0,0,0,0.000135,0,401,0.076228
34_24,,,3,0,3,3,0,3,0,0,0,0,0.000242,0,400,0.092486
37_147,,,5,3,8,5,3,8,22,0.100993,0.119907,0.000672,0.000366,0,1081,0.24205
41_21,,,1,1,2,1,1,2,1,1,1,0.000079,0.000135,0,398,0.076228
53_9,,,4,3,7,4,3,7,22,0.100993,0.119907,0.000119,0.000296,0,1081,0.215621
55_6,,,1,1,2,1,1,2,24,0.077863,0.087638,0.000087,0.000135,0,1081,0.076228
57_16,,,1,3,4,1,3,4,21,0.10425,0.122041,0.001905,0.000135,0,1081,0.076228
59_21,,,2,2,4,2,2,4,22,0.101017,0.119955,0.000687,0.000315,0,1081,0.103284
2_75,,,0,3,3,0,3,3,25,0.069042,0.075554,0,0.000113,0,1390,0
5_13,,,2,1,3,2,1,3,1,1,1,0.000004,0.000183,0,395,0.033133
9_6,,,1,0,1,1,0,1,0,0,0,0,0.000145,0,1389,0.005871
2_76,,,0,2,2,0,2,2,1,1,1,0,0.000113,3,1393,0
2_77,,,1,0,1,1,0,1,0,0,0,0,0.000161,3,1392,0.005871
3_72,,,1,0,1,1,0,1,0,0,0,0,0.000161,3,1391,0.005871
2_78,,,1,2,3,1,2,3,17,0.11136,0.126846,0.000101,0.000137,0,1394,0.005871
29_48,,,2,4,6,2,4,6,24,0.084042,0.100306,0.00191,0.000215,0,1081,0.052103
62_2,,,2,6,8,2,6,8,17,0.118307,0.137426,0.003121,0.000213,0,1081,0.063316
2_80,,,2,1,3,2,1,3,1,1,1,0.000079,0.000281,0,514,0.085765
2_82,,,1,0,1,1,0,1,0,0,0,0,0.000351,0,513,0.033373
2_81,,,0,2,2,0,2,2,6,0.252336,0.330247,0,0.000113,0,1396,0
4_123,,,5,5,10,5,5,10,5,0.3125,0.432,0.000956,0.000706,0,515,0.231378
4_124,,,1,0,1,1,0,1,0,0,0,0,0.000161,0,1395,0.005871
2_83,,,1,6,7,1,6,7,21,0.08722,0.098886,0.000418,0.000168,0,1081,0.091188
4_36,,,3,3,6,3,3,6,21,0.08682,0.09597,0.000095,0.000209,0,1081,0.056105
16_36,,,18,4,22,18,4,22,1,1,1,0.000259,0.003612,0,62,0.755272
17_23,,,10,1,11,10,1,11,21,0.086712,0.094905,0.000484,0.001064,0,1081,0.597778
17_26,,,2,1,3,2,1,3,2,0.666667,0.75,0.000143,0.000165,0,829,0.070352
21_25,,,15,2,17,15,2,17,2,0.666667,0.75,0.000032,0.001796,0,62,0.572132
31_14,,,9,4,13,9,4,13,20,0.094939,0.107011,0.004064,0.001863,0,1081,0.725379
2_84,,,1,1,2,1,1,2,2,0.666667,0.75,0,0.000161,0,1397,0.005871
2_87,,,1,8,9,1,8,9,20,0.103002,0.120293,0.000101,0.000161,0,1401,0.005871
3_50,,,2,1,3,2,1,3,1,1,1,0,0.000225,0,1400,0.016258
5_44,,,8,2,10,8,2,10,25,0.076078,0.085626,0.001255,0.001402,0,1081,0.254724
5_110,,,2,3,5,2,3,5,25,0.069269,0.078978,0.003277,0.000356,0,1081,0.089507
23_44,,,2,4,6,2,4,6,20,0.093194,0.106663,0.001691,0.000223,0,1081,0.032922
26_193,,,8,1,9,8,1,9,21,0.091748,0.101151,0.002729,0.000423,0,1081,0.192427
26_194,,,8,0,8,8,0,8,0,0,0,0,0.000423,0,406,0.192427
26_195,,,5,0,5,5,0,5,0,0,0,0,0.000291,0,1398,0.050006
2_88,,,1,2,3,1,2,3,2,0.75,0.833333,0.000143,0.00039,0,1041,0.028234
41_5,,,3,1,4,3,1,4,1,1,1,0.000079,0.000638,0,534,0.052246
40_60,,,11,1,12,11,1,12,18,0.110217,0.122791,0.013781,0.000982,0,1081,0.315457
2_91,,,0,2,2,0,2,2,21,0.09348,0.105133,0,0.000113,0,1403,0
2_146,,,1,0,1,1,0,1,0,0,0,0,0.000161,0,1402,0.005871
2_92,,,0,2,2,0,2,2,8,0.234375,0.36119,0,0.000113,0,1408,0
7_148,,,1,3,4,1,3,4,7,0.265306,0.418681,0.000001,0.000161,0,1407,0.005871
2_96,,,2,5,7,2,5,7,24,0.074091,0.081965,0.000221,0.00017,0,1264,0.027794
3_61,,,3,1,4,3,1,4,1,1,1,0,0.000236,0,1260,0.056644
19_75,,,2,2,4,2,2,4,2,0.75,0.833333,0,0.000166,0,1261,0.034637
62_6,,,2,0,2,2,0,2,0,0,0,0,0.000212,0,1259,0.041823
62_7,,,1,5,6,1,5,6,25,0.069002,0.075707,0.000001,0.000142,0,1264,0.019816
62_8,,,1,1,2,1,1,2,23,0.079667,0.086597,0.000319,0.000142,0,1258,0.019816
2_97,,,3,9,12,3,9,12,20,0.101011,0.116074,0.005422,0.000652,0,1081,0.144834
4_150,,,2,0,2,2,0,2,0,0,0,0,0.000214,0,419,0.070267
4_151,,,2,1,3,2,1,3,2,0.6,0.666667,0.000235,0.000214,0,418,0.070267
12_66,,,2,0,2,2,0,2,0,0,0,0,0.000248,0,405,0.095719
19_64,,,2,3,5,2,3,5,21,0.087948,0.099322,0.007422,0.00032,0,1081,0.344309
26_192,,,5,1,6,5,1,6,22,0.078755,0.08633,0.001645,0.000256,0,1081,0.094982
2_98,,,0,1,1,0,1,1,21,0.085406,0.093297,0,0.000113,0,1410,0
22_75,,,2,1,3,2,1,3,20,0.093328,0.104189,0.000101,0.000228,0,1409,0.020184
2_101,,,1,1,2,1,1,2,24,0.082235,0.093901,0.000014,0.000118,0,1411,0.005871
2_102,,,0,18,18,0,18,18,17,0.122184,0.148089,0,0.000113,0,1425,0
2_246,,,2,0,2,2,0,2,0,0,0,0,0.000158,0,1424,0.023541
2_251,,,2,1,3,2,1,3,26,0.067801,0.07483,0.000141,0.000158,0,1423,0.023541
4_11,,,6,1,7,6,1,7,1,1,1,0.000079,0.000371,0,943,0.13064
7_116,,,4,5,9,4,5,9,2,0.857143,0.916667,0.000001,0.00025,0,1422,0.06402
20_66,,,5,2,7,5,2,7,2,0.6,0.666667,0.000001,0.000233,0,1422,0.066716
20_116,,,1,0,1,1,0,1,0,0,0,0,0.000118,0,1416,0.005871
21_3,,,1,0,1,1,0,1,0,0,0,0,0.000118,0,1415,0.005871
26_153,,,1,0,1,1,0,1,0,0,0,0,0.000118,0,1414,0.005871
39_6,,,4,4,8,4,4,8,4,0.428571,0.576389,0.000465,0.000371,0,873,0.083937
40_7,,,5,1,6,5,1,6,1,1,1,0.000075,0.000441,0,237,0.106083
40_13,,,1,0,1,1,0,1,0,0,0,0,0.000118,0,1413,0.005871
42_5,,,1,1,2,1,1,2,2,0.666667,0.75,0,0.000118,0,1412,0.005871
57_25,,,5,5,10,5,5,10,17,0.110455,0.126395,0.000753,0.000495,0,1081,0.06613
4_46,,,1,3,4,1,3,4,23,0.084282,0.094486,0.00288,0.00098,0,1081,0.078749
2_106,,,2,4,6,2,4,6,22,0.084978,0.095993,0.000711,0.000256,0,1081,0.026714
2_187,,,3,2,5,3,2,5,1,1,1,0.000116,0.000363,0,507,0.074289
18_24,,,1,1,2,1,1,2,1,1,1,0.000079,0.000167,0,505,0.018704
87_6,,,1,0,1,1,0,1,0,0,0,0,0.000167,0,503,0.018704
3_93,,,3,5,8,3,5,8,21,0.092446,0.106045,0.002354,0.000435,0,1081,0.093889
2_107,,,0,1,1,0,1,1,20,0.090545,0.101993,0,0.000113,0,1426,0
2_108,,,0,8,8,0,8,8,19,0.110729,0.131943,0,0.000113,0,1427,0
2_217,,,5,0,5,5,0,5,0,0,0,0,0.000304,0,469,0.226136
2_219,,,3,5,8,3,5,8,25,0.071857,0.086926,0.001893,0.000274,0,1081,0.098144
2_220,,,4,3,7,4,3,7,26,0.063586,0.071572,0.001784,0.000559,0,1081,0.139643
4_153,,,3,5,8,3,5,8,20,0.097368,0.1109,0.000997,0.00017,0,1081,0.038152
5_101,,,2,1,3,2,1,3,21,0.099531,0.112646,0.000041,0.000201,0,1081,0.125786
2_109,,,2,3,5,2,3,5,21,0.096717,0.109379,0.000127,0.000261,0,1428,0.020184
3_186,,,1,3,4,1,3,4,20,0.098876,0.111964,0.000102,0.000187,0,1428,0.017489
9_5,,,11,8,19,11,8,19,22,0.095309,0.110305,0.004153,0.000908,0,1081,0.48678
9_29,,,8,0,8,8,0,8,0,0,0,0,0.000955,0,394,0.37841
2_110,,,0,1,1,0,1,1,1,1,1,0,0.000113,0,1429,0
40_52,,,15,0,15,15,0,15,0,0,0,0,0.000741,0,20,0.339906
2_111,,,2,1,3,2,1,3,2,0.666667,0.75,0.000155,0.000289,0,512,0.099179
5_18,,,3,1,4,3,1,4,1,1,1,0.000079,0.000538,0,511,0.066572
2_112,,,0,9,9,0,9,9,19,0.108315,0.126144,0,0.000113,0,1433,0
3_20,,,7,5,12,7,5,12,18,0.11468,0.13171,0.006185,0.000583,0,1081,0.397396
18_110,,,4,0,4,4,0,4,0,0,0,0,0.000263,0,321,0.100501
25_23,,,6,3,9,6,3,9,2,0.8,0.875,0.000055,0.000945,0,331,0.229568
107_4,,,1,0,1,1,0,1,0,0,0,0,0.000123,0,1432,0.005871
107_5,,,2,0,2,2,0,2,0,0,0,0,0.000162,0,750,0.033189
107_6,,,1,1,2,1,1,2,23,0.074419,0.083353,0,0.000123,0,1431,0.005871
107_7,,,1,0,1,1,0,1,0,0,0,0,0.000123,0,1430,0.005871
2_113,,,0,2,2,0,2,2,2,0.625,0.7,0,0.000113,0,1438,0
22_17,,,1,0,1,1,0,1,0,0,0,0,0.000161,0,1437,0.005871
34_26,,,4,3,7,4,3,7,1,1,1,0.000001,0.00027,0,1436,0.028
2_114,,,0,5,5,0,5,5,23,0.078354,0.088699,0,0.000113,0,1439,0
8_34,,,4,5,9,4,5,9,22,0.0849,0.097734,0.002813,0.000617,0,1081,0.19661
9_17,,,5,1,6,5,1,6,23,0.078259,0.086973,0.000354,0.000437,0,1081,0.192947
9_18,,,3,1,4,3,1,4,1,1,1,0.000069,0.00026,0,460,0.137008
9_28,,,3,0,3,3,0,3,0,0,0,0,0.000192,0,493,0.08282
48_25,,,6,0,6,6,0,6,0,0,0,0,0.000671,0,459,0.199007
2_115,,,1,6,7,1,6,7,18,0.11138,0.129885,0.000171,0.000244,0,1359,0.043559
2_144,,,5,3,8,5,3,8,19,0.108643,0.123652,0.000432,0.000465,0,1359,0.083409
2_150,,,1,1,2,1,1,2,20,0.098007,0.108025,0,0.000147,0,1359,0.021918
58_7,,,2,2,4,2,2,4,1,1,1,0.000002,0.000176,0,1358,0.038572
2_116,,,1,14,15,1,14,15,2,0.791667,0.868421,0.00043,0.000251,0,318,0.049595
6_101,,,3,8,11,3,8,11,1,1,1,0,0.00027,0,310,0.057775
13_15,,,3,1,4,3,1,4,1,1,1,0.000003,0.000347,0,317,0.070631
19_88,,,6,0,6,6,0,6,0,0,0,0,0.000203,0,309,0.10668
19_89,,,6,0,6,6,0,6,0,0,0,0,0.000203,0,308,0.10668
19_90,,,8,0,8,8,0,8,0,0,0,0,0.000357,0,307,0.233443
19_91,,,8,0,8,8,0,8,0,0,0,0,0.000357,0,306,0.233443
19_92,,,7,0,7,7,0,7,0,0,0,0,0.000318,0,305,0.220885
19_93,,,9,0,9,9,0,9,0,0,0,0,0.000374,0,166,0.407368
19_94,,,9,0,9,9,0,9,0,0,0,0,0.000374,0,165,0.407368
19_95,,,9,0,9,9,0,9,0,0,0,0,0.000374,0,164,0.407368
112_1,,,6,0,6,6,0,6,0,0,0,0,0.000356,0,316,0.189149
112_2,,,3,0,3,3,0,3,0,0,0,0,0.000162,0,315,0.069126
112_3,,,3,12,15,3,12,15,1,1,1,0.0004,0.000162,0,314,0.069126
112_4,,,3,1,4,3,1,4,2,0.529412,0.555556,0.000043,0.000162,0,311,0.069126
2_117,,,0,4,4,0,4,4,25,0.079073,0.091977,0,0.000113,0,1440,0
3_59,,,5,1,6,5,1,6,25,0.072722,0.079235,0.000856,0.000347,0,1081,0.073699
16_40,,,2,7,9,2,7,9,24,0.076726,0.092758,0.000812,0.000172,0,1081,0.130675
36_82,,,9,0,9,9,0,9,0,0,0,0,0.000669,0,496,0.238914
54_50,,,10,0,10,10,0,10,0,0,0,0,0.00073,0,185,0.485522
2_118,,,0,13,13,0,13,13,20,0.107866,0.128988,0,0.000113,0,1443,0
6_124,,,9,9,18,9,9,18,19,0.102875,0.119835,0.012795,0.000987,0,1081,0.47376
17_90,,,6,9,15,6,9,15,19,0.10724,0.124609,0.006841,0.000496,0,1081,0.143902
17_91,,,1,0,1,1,0,1,0,0,0,0,0.00012,0,1442,0.005871
17_92,,,4,1,5,4,1,5,22,0.084095,0.091119,0.000826,0.000581,0,1081,0.310247
17_93,,,2,0,2,2,0,2,0,0,0,0,0.000137,0,1107,0.021087
25_21,,,4,2,6,4,2,6,20,0.095105,0.106864,0.001956,0.000404,0,1081,0.319043
51_52,,,4,0,4,4,0,4,0,0,0,0,0.000413,0,197,0.105765
51_53,,,3,0,3,3,0,3,0,0,0,0,0.000346,0,196,0.064021
74_52,,,1,1,2,1,1,2,20,0.093328,0.104189,0,0.00012,0,1441,0.005871
2_119,,,0,4,4,0,4,4,5,0.402985,0.47963,0,0.000113,0,1445,0
50_45,,,1,8,9,1,8,9,4,0.530612,0.625,0.000001,0.000137,0,1444,0.005871
88_21,,,6,0,6,6,0,6,0,0,0,0,0.000379,0,612,0.204225
88_22,,,6,0,6,6,0,6,0,0,0,0,0.000379,0,611,0.204225
2_120,,,0,1,1,0,1,1,19,0.099373,0.109346,0,0.000113,0,1464,0
109_6,,,3,4,7,3,4,7,18,0.110276,0.125148,0.000548,0.000271,0,1463,0.06091
2_121,,,4,11,15,4,11,15,17,0.121134,0.145473,0.002212,0.000202,0,1081,0.256579
5_66,,,2,5,7,2,5,7,19,0.102832,0.120006,0.000996,0.000147,0,1081,0.088764
11_17,,,14,10,24,14,10,24,17,0.113327,0.131504,0.008421,0.001494,0,1081,0.66166
17_107,,,7,0,7,7,0,7,0,0,0,0,0.000344,0,214,0.39261
17_108,,,7,0,7,7,0,7,0,0,0,0,0.000344,0,213,0.39261
91_2,,,1,0,1,1,0,1,0,0,0,0,0.000128,0,681,0.082893
2_124,,,4,20,24,4,20,24,16,0.130575,0.16251,0.005913,0.000272,0,1081,0.173111
2_125,,,6,12,18,6,12,18,21,0.101761,0.12183,0.006931,0.000639,0,1081,0.374105
2_127,,,1,3,4,1,3,4,22,0.091286,0.102959,0.000107,0.000124,0,1081,0.061002
2_128,,,2,7,9,2,7,9,16,0.128387,0.155876,0.013878,0.000346,0,1081,0.172183
2_129,,,4,1,5,4,1,5,25,0.076068,0.085128,0.000589,0.000216,0,1081,0.168063
2_131,,,3,0,3,3,0,3,0,0,0,0,0.000148,0,960,0.096161
3_67,,,3,1,4,3,1,4,1,1,1,0.000044,0.000238,0,959,0.109035
3_68,,,3,0,3,3,0,3,0,0,0,0,0.000153,0,958,0.109035
6_161,,,6,6,12,6,6,12,18,0.120438,0.137881,0.006031,0.000756,0,1081,0.310104
9_112,,,2,1,3,2,1,3,23,0.084578,0.093494,0.000013,0.000395,0,1081,0.14907
16_120,,,7,0,7,7,0,7,0,0,0,0,0.000305,0,384,0.322307
16_122,,,7,0,7,7,0,7,0,0,0,0,0.000314,0,200,0.322307
16_123,,,6,1,7,6,1,7,19,0.107498,0.118491,0.000329,0.000399,0,1081,0.29661
29_27,,,6,8,14,6,8,14,18,0.105413,0.12149,0.003225,0.00021,0,1081,0.214241
30_17,,,3,0,3,3,0,3,0,0,0,0,0.000286,0,201,0.182998
33_35,,,2,11,13,2,11,13,21,0.095215,0.114237,0.00229,0.000189,0,1081,0.086957
37_113,,,1,1,2,1,1,2,2,0.666667,0.75,0.000157,0.000124,0,957,0.061002
53_37,,,6,3,9,6,3,9,17,0.115517,0.134089,0.003222,0.000342,0,1081,0.28364
66_12,,,5,1,6,5,1,6,23,0.084615,0.093729,0.000959,0.000413,0,1081,0.131701
3_96,,,4,0,4,4,0,4,0,0,0,0,0.000341,0,948,0.194825
3_97,,,6,7,13,6,7,13,20,0.110525,0.13129,0.020774,0.000628,0,1081,0.38851
5_97,,,1,0,1,1,0,1,0,0,0,0,0.000158,0,954,0.114334
9_84,,,1,1,2,1,1,2,2,0.666667,0.75,0.000157,0.000158,0,953,0.114334
9_109,,,2,0,2,2,0,2,0,0,0,0,0.000254,0,950,0.120205
14_37,,,4,1,5,4,1,5,1,1,1,0.000059,0.000437,0,781,0.171442
14_40,,,1,0,1,1,0,1,0,0,0,0,0.000158,0,949,0.114334
22_25,,,3,6,9,3,6,9,23,0.078432,0.089581,0.002612,0.000267,0,1081,0.259689
22_26,,,3,3,6,3,3,6,21,0.100323,0.115987,0.000162,0.000197,0,1081,0.144478
24_36,,,1,3,4,1,3,4,3,0.545455,0.694444,0.000411,0.000158,0,209,0.114334
53_4,,,1,0,1,1,0,1,0,0,0,0,0.000158,0,203,0.114334
66_5,,,5,3,8,5,3,8,22,0.092387,0.105435,0.00126,0.000957,0,1081,0.274787
2_126,,,1,14,15,1,14,15,21,0.10224,0.12268,0.000576,0.000144,0,1081,0.025328
10_69,,,7,0,7,7,0,7,0,0,0,0,0.00069,0,114,0.190446
10_70,,,8,0,8,8,0,8,0,0,0,0,0.000785,0,113,0.211549
11_102,,,7,0,7,7,0,7,0,0,0,0,0.000537,0,223,0.244895
14_39,,,2,0,2,2,0,2,0,0,0,0,0.000153,0,962,0.040939
17_20,,,4,0,4,4,0,4,0,0,0,0,0.000186,0,967,0.052972
22_48,,,5,0,5,5,0,5,0,0,0,0,0.000432,0,222,0.174925
29_67,,,4,5,9,4,5,9,20,0.093239,0.10639,0.001125,0.000404,0,1081,0.190375
31_23,,,2,0,2,2,0,2,0,0,0,0,0.000145,0,966,0.021482
31_24,,,12,2,14,12,2,14,1,1,1,0.000001,0.000828,0,115,0.19535
43_33,,,1,0,1,1,0,1,0,0,0,0,0.000121,0,965,0.015611
43_34,,,1,0,1,1,0,1,0,0,0,0,0.000121,0,964,0.015611
43_35,,,1,0,1,1,0,1,0,0,0,0,0.000121,0,963,0.015611
23_60,,,1,0,1,1,0,1,0,0,0,0,0.000148,0,968,0.024273
7_158,,,14,3,17,14,3,17,18,0.111061,0.125994,0.005079,0.001088,0,1081,0.597775
7_159,,,5,10,15,5,10,15,18,0.112929,0.13355,0.004523,0.00033,0,1081,0.196713
14_35,,,2,5,7,2,5,7,21,0.100648,0.118284,0.00197,0.000187,0,1081,0.0588
25_74,,,1,0,1,1,0,1,0,0,0,0,0.000155,0,961,0.052928
61_6,,,2,2,4,2,2,4,24,0.082281,0.094437,0.000712,0.000344,0,1081,0.066596
2_130,,,2,11,13,2,11,13,17,0.123106,0.144077,0.005411,0.000234,0,1081,0.119973
6_78,,,1,0,1,1,0,1,0,0,0,0,0.000131,0,979,0.042162
6_79,,,2,10,12,2,10,12,16,0.136843,0.16224,0.003802,0.000145,0,1081,0.062425
9_114,,,4,3,7,4,3,7,22,0.088485,0.098106,0.0019,0.000274,0,1081,0.09782
31_13,,,5,1,6,5,1,6,1,1,1,0.000079,0.003024,0,162,0.257118
43_26,,,3,0,3,3,0,3,0,0,0,0,0.00015,0,972,0.05842
43_27,,,3,0,3,3,0,3,0,0,0,0,0.00015,0,971,0.05842
2_132,,,2,10,12,2,10,12,19,0.097429,0.113233,0.000018,0.000136,0,1472,0.03516
11_71,,,8,1,9,8,1,9,4,0.352941,0.402778,0.000005,0.000419,0,381,0.254785
21_72,,,3,2,5,3,2,5,5,0.291667,0.379762,0.000079,0.000189,0,382,0.139869
43_28,,,3,0,3,3,0,3,0,0,0,0,0.000144,0,1471,0.038351
92_5,,,1,0,1,1,0,1,0,0,0,0,0.000124,0,1470,0.022093
92_6,,,1,0,1,1,0,1,0,0,0,0,0.000124,0,1469,0.022093
92_7,,,1,0,1,1,0,1,0,0,0,0,0.000124,0,1468,0.022093
92_8,,,1,0,1,1,0,1,0,0,0,0,0.000124,0,1467,0.022093
92_9,,,1,0,1,1,0,1,0,0,0,0,0.000124,0,1466,0.022093
92_10,,,1,1,2,1,1,2,27,0.064908,0.072837,0.000013,0.000124,0,1465,0.022093
2_133,,,4,2,6,4,2,6,3,0.5,0.560606,0.000336,0.000547,0,380,0.234218
3_83,,,2,5,7,2,5,7,1,1,1,0.000238,0.000393,0,379,0.086384
2_136,,,2,5,7,2,5,7,20,0.094794,0.105736,0.000138,0.000232,0,1473,0.011742
2_138,,,0,4,4,0,4,4,17,0.104761,0.118734,0,0.000113,0,1474,0
2_135,,,3,0,3,3,0,3,0,0,0,0,0.000358,0,804,0.085039
30_30,,,9,3,12,9,3,12,21,0.099696,0.114106,0.015682,0.000715,0,1081,0.41105
2_139,,,0,4,4,0,4,4,19,0.114881,0.131051,0,0.000113,0,1480,0
2_258,,,2,1,3,2,1,3,32,0.049703,0.054913,0.000103,0.000232,0,1479,0.011742
6_80,,,1,4,5,1,4,5,2,0.833333,0.9,0,0.000137,0,1478,0.005871
10_41,,,6,7,13,6,7,13,19,0.103342,0.118432,0.000451,0.000393,0,1463,0.072171
2_140,,,0,1,1,0,1,1,2,0.666667,0.75,0,0.000113,0,1481,0
2_177,,,5,12,17,5,12,17,2,0.8,0.875,0.001047,0.000984,0,85,0.237052
2_143,,,9,5,14,9,5,14,18,0.115334,0.130233,0.006105,0.001111,0,1081,0.353898
22_78,,,4,5,9,4,5,9,17,0.123816,0.143571,0.018436,0.001303,0,1081,0.357839
2_148,,,1,1,2,1,1,2,23,0.07674,0.083541,0.000101,0.000161,0,1482,0.005871
5_48,,,5,5,10,5,5,10,22,0.083071,0.092744,0.001282,0.000556,0,1081,0.095566
2_151,,,3,2,5,3,2,5,20,0.104225,0.122332,0.000527,0.000222,0,1081,0.104931
3_164,,,5,6,11,5,6,11,19,0.115425,0.14141,0.015862,0.000386,0,1081,0.174747
2_152,,,4,2,6,4,2,6,2,0.666667,0.75,0.000138,0.000285,0,243,0.117407
3_102,,,5,1,6,5,1,6,1,1,1,0.000073,0.000653,0,242,0.263444
14_7,,,1,1,2,1,1,2,1,1,1,0.000021,0.000234,0,240,0.050831
2_153,,,1,2,3,1,2,3,22,0.086108,0.099036,0.000101,0.000208,0,1483,0.005871
39_10,,,3,1,4,3,1,4,3,0.5,0.611111,0.000085,0.000494,0,1068,0.10292
2_155,,,2,2,4,2,2,4,19,0.101494,0.116078,0.000722,0.000191,0,1081,0.035728
16_112,,,4,8,12,4,8,12,18,0.112834,0.13492,0.012438,0.000639,0,1081,0.126218
47_31,,,4,0,4,4,0,4,0,0,0,0,0.00044,0,154,0.152111
2_158,,,1,1,2,1,1,2,27,0.065534,0.073846,0.000469,0.00017,0,1081,0.027533
4_40,,,9,7,16,9,7,16,26,0.070093,0.082382,0.005733,0.00131,0,1081,0.500033
2_163,,,1,3,4,1,3,4,23,0.080077,0.091221,0,0.000113,0,1484,0.012558
2_164,,,1,9,10,1,9,10,22,0.091558,0.10555,0.000101,0.000208,0,1488,0.005871
3_190,,,4,2,6,4,2,6,24,0.069405,0.077005,0.00182,0.00029,0,1081,0.071415
3_191,,,1,1,2,1,1,2,21,0.092411,0.099357,0.000116,0.000132,0,1487,0.010387
11_6,,,10,2,12,10,2,12,26,0.06352,0.071069,0.002032,0.000937,0,1081,0.37771
22_61,,,2,2,4,2,2,4,21,0.08548,0.094239,0.000948,0.000261,0,1081,0.103931
36_36,,,3,1,4,3,1,4,1,1,1,0,0.000197,0,1486,0.031162
36_40,,,10,0,10,10,0,10,0,0,0,0,0.000746,0,717,0.497823
2_165,,,0,2,2,0,2,2,1,1,1,0,0.000113,0,1489,0
2_166,,,5,11,16,5,11,16,24,0.080681,0.096951,0.008173,0.000371,0,1081,0.28012
14_22,,,5,7,12,5,7,12,23,0.087181,0.101748,0.008394,0.000402,0,1081,0.167379
19_81,,,7,0,7,7,0,7,0,0,0,0,0.000566,0,334,0.440261
19_82,,,10,2,12,10,2,12,28,0.061144,0.067459,0.000101,0.000732,0,1081,0.56175
28_63,,,1,7,8,1,7,8,25,0.07476,0.087981,0.000037,0.000141,0,1081,0.092417
29_25,,,8,2,10,8,2,10,26,0.069624,0.079553,0.001728,0.001125,0,1081,0.556992
34_31,,,5,0,5,5,0,5,0,0,0,0,0.000235,0,336,0.156926
34_32,,,5,0,5,5,0,5,0,0,0,0,0.000235,0,335,0.156926
34_33,,,7,1,8,7,1,8,26,0.069621,0.079265,0.000465,0.000396,0,1081,0.192254
34_41,,,5,1,6,5,1,6,2,0.526316,0.55,0.000627,0.000352,0,253,0.190139
46_5,,,10,0,10,10,0,10,0,0,0,0,0.000795,0,333,0.56175
46_6,,,11,3,14,11,3,14,27,0.065119,0.073333,0.001286,0.000811,0,1081,0.567621
2_167,,,3,3,6,3,3,6,2,0.714286,0.8,0.000358,0.000332,0,332,0.222258
14_18,,,2,3,5,2,3,5,2,0.8,0.875,0.000115,0.000475,0,331,0.151939
2_168,,,0,2,2,0,2,2,22,0.075025,0.086627,0,0.000113,0,1491,0
35_6,,,3,1,4,3,1,4,22,0.074985,0.086103,0.000101,0.000217,0,1490,0.017613
2_171,,,4,2,6,4,2,6,22,0.083937,0.094894,0.004334,0.000655,0,1081,0.27855
6_39,,,1,3,4,1,3,4,21,0.091584,0.106601,0.004277,0.000391,0,1081,0.086053
16_60,,,1,0,1,1,0,1,0,0,0,0,0.000391,0,550,0.086053
2_172,,,1,1,2,1,1,2,1,1,1,0,0.00093,0,1492,0.019245
23_51,,,2,1,3,2,1,3,1,1,1,0,0.000962,0,1492,0.025116
2_173,,,3,1,4,3,1,4,1,1,1,0.000078,0.000242,0,823,0.071433
5_96,,,2,0,2,2,0,2,0,0,0,0,0.000362,0,822,0.055062
2_174,,,0,1,1,0,1,1,28,0.056444,0.06102,0,0.000113,0,1493,0
4_10,,,5,1,6,5,1,6,27,0.059786,0.0654,0.000901,0.000421,0,1081,0.154985
3_92,,,4,0,4,4,0,4,0,0,0,0,0.000743,0,71,0.22629
22_37,,,2,0,2,2,0,2,0,0,0,0,0.00023,0,83,0.087402
41_6,,,2,0,2,2,0,2,0,0,0,0,0.000201,0,82,0.087402
41_7,,,2,5,7,2,5,7,2,0.857143,0.916667,0.00012,0.000201,0,81,0.087402
59_9,,,4,3,7,4,3,7,3,0.5,0.5625,0.00017,0.000436,0,85,0.150422
76_8,,,5,2,7,5,2,7,3,0.470588,0.520833,0.000777,0.001032,0,85,0.31003
76_9,,,3,0,3,3,0,3,0,0,0,0,0.000395,0,78,0.144281
79_18,,,2,0,2,2,0,2,0,0,0,0,0.000217,0,77,0.115269
79_19,,,1,0,1,1,0,1,0,0,0,0,0.000182,0,76,0.081531
91_9,,,3,2,5,3,2,5,1,1,1,0.00012,0.000236,0,75,0.12114
91_10,,,3,0,3,3,0,3,0,0,0,0,0.000236,0,72,0.12114
2_178,,,0,1,1,0,1,1,27,0.066069,0.071927,0,0.000113,0,1494,0
5_45,,,6,1,7,6,1,7,26,0.070703,0.077854,0.000775,0.001201,0,1081,0.298073
2_180,,,0,2,2,0,2,2,2,0.75,0.833333,0,0.000113,0,1496,0
4_7,,,1,0,1,1,0,1,0,0,0,0,0.000161,0,1495,0.005871
2_182,,,0,1,1,0,1,1,3,0.444444,0.5,0,0.000113,0,1497,0
2_229,,,3,4,7,3,4,7,2,0.7,0.785714,0.000473,0.000321,0,940,0.056386
2_183,,,0,2,2,0,2,2,20,0.10027,0.112531,0,0.000113,0,1498,0
2_184,,,1,2,3,1,2,3,22,0.09038,0.10356,0.00104,0.000385,0,1081,0.02208
2_185,,,3,9,12,3,9,12,21,0.099094,0.117973,0.002242,0.000556,0,1081,0.087944
2_200,,,3,4,7,3,4,7,22,0.101064,0.120438,0.004184,0.000196,0,1081,0.082382
4_103,,,3,1,4,3,1,4,22,0.084933,0.095283,0.001204,0.000278,0,1081,0.070259
25_32,,,2,1,3,2,1,3,1,1,1,0.000039,0.000192,0,454,0.106922
25_33,,,2,1,3,2,1,3,1,1,1,0.000039,0.000192,0,453,0.106922
44_3,,,3,2,5,3,2,5,22,0.090169,0.102588,0.001041,0.000345,0,1081,0.092086
50_39,,,3,0,3,3,0,3,0,0,0,0,0.000268,0,173,0.133147
50_40,,,1,1,2,1,1,2,1,1,1,0.000009,0.000165,0,451,0.038433
62_10,,,4,0,4,4,0,4,0,0,0,0,0.000233,0,373,0.094939
97_1,,,2,2,4,2,2,4,22,0.090169,0.102588,0,0.000312,0,1081,0.077583
2_186,,,3,3,6,3,3,6,19,0.103663,0.115839,0.000415,0.000322,0,1502,0.031162
16_128,,,1,6,7,1,6,7,24,0.081821,0.093508,0.000085,0.000204,0,1501,0.02447
20_46,,,3,0,3,3,0,3,0,0,0,0,0.000281,0,1499,0.046995
57_9,,,2,0,2,2,0,2,0,0,0,0,0.000358,0,210,0.059286
65_2,,,5,0,5,5,0,5,0,0,0,0,0.000432,0,506,0.171088
2_190,,,0,3,3,0,3,3,22,0.09558,0.109606,0,0.000113,0,1508,0
9_36,,,6,6,12,6,6,12,21,0.092762,0.108674,0.004942,0.000545,0,1081,0.313613
22_39,,,1,7,8,1,7,8,21,0.100536,0.114602,0.000062,0.000145,0,1507,0.005871
2_191,,,2,3,5,2,3,5,23,0.087037,0.097204,0.000093,0.000286,0,1081,0.265279
48_24,,,3,1,4,3,1,4,1,1,1,0,0.000246,0,491,0.094243
2_193,,,2,2,4,2,2,4,28,0.06212,0.068009,0.000076,0.000189,0,1081,0.084475
16_126,,,3,2,5,3,2,5,27,0.06618,0.072881,0.00029,0.000426,0,1081,0.154539
49_9,,,4,0,4,4,0,4,0,0,0,0,0.000506,0,472,0.298598
2_195,,,1,1,2,1,1,2,23,0.084733,0.091656,0,0.000251,0,1509,0.012558
4_84,,,1,2,3,1,2,3,22,0.092572,0.102571,0.000101,0.000326,0,1509,0.012558
2_196,,,2,4,6,2,4,6,21,0.098549,0.117426,0.009018,0.000208,0,1081,0.125786
2_197,,,3,7,10,3,7,10,22,0.087081,0.102199,0.003908,0.000261,0,1081,0.092199
6_38,,,7,4,11,7,4,11,27,0.063112,0.071473,0.002564,0.001118,0,1081,0.538778
2_189,,,3,0,3,3,0,3,0,0,0,0,0.000249,0,730,0.144099
2_203,,,3,1,4,3,1,4,1,1,1,0.000079,0.000288,0,729,0.051342
6_145,,,3,0,3,3,0,3,0,0,0,0,0.000286,0,727,0.144308
7_26,,,3,0,3,3,0,3,0,0,0,0,0.000249,0,726,0.090083
23_79,,,1,0,1,1,0,1,0,0,0,0,0.000358,0,728,0.028602
2_204,,,1,3,4,1,3,4,1,1,1,0.00011,0.000494,0,896,0.048574
4_108,,,1,0,1,1,0,1,0,0,0,0,0.000253,0,895,0.02288
19_97,,,5,1,6,5,1,6,2,0.6,0.666667,0.000189,0.000448,0,896,0.103016
2_205,,,1,6,7,1,6,7,24,0.071294,0.081479,0.00001,0.000132,0,1512,0.005871
62_9,,,2,2,4,2,2,4,23,0.074148,0.081152,0.000112,0.000141,0,1511,0.016258
79_22,,,2,0,2,2,0,2,0,0,0,0,0.000149,0,1510,0.022458
79_23,,,4,0,4,4,0,4,0,0,0,0,0.00034,0,710,0.12652
79_24,,,7,1,8,7,1,8,32,0.049677,0.054657,0.000606,0.000606,0,1081,0.271693
79_26,,,4,0,4,4,0,4,0,0,0,0,0.000399,0,703,0.122003
2_206,,,0,1,1,0,1,1,2,0.666667,0.75,0,0.000113,0,1514,0
22_72,,,1,1,2,1,1,2,1,1,1,0,0.000208,0,1513,0.005871
2_207,,,0,1,1,0,1,1,2,0.6,0.666667,0,0.000113,0,1518,0
9_111,,,2,2,4,2,2,4,1,1,1,0,0.000229,0,1517,0.016258
2_208,,,0,2,2,0,2,2,23,0.069829,0.078702,0,0.000113,0,1520,0
2_169,,,1,0,1,1,0,1,0,0,0,0,0.000161,0,1519,0.005871
6_158,,,2,3,5,2,3,5,21,0.099822,0.112029,0.002288,0.000264,0,1081,0.056761
25_25,,,2,4,6,2,4,6,23,0.083759,0.09226,0.000338,0.000169,0,1081,0.027672
89_21,,,1,0,1,1,0,1,0,0,0,0,0.000145,0,654,0.021801
89_22,,,3,0,3,3,0,3,0,0,0,0,0.000242,0,468,0.090727
89_23,,,4,0,4,4,0,4,0,0,0,0,0.00028,0,653,0.050107
2_211,,,1,2,3,1,2,3,30,0.052009,0.057907,0.000009,0.000137,0,1521,0.010387
2_212,,,0,1,1,0,1,1,2,0.666667,0.75,0,0.000113,0,1523,0
34_39,,,3,1,4,3,1,4,1,1,1,0,0.000328,0,1522,0.017613
2_214,,,4,9,13,4,9,13,20,0.094614,0.10645,0.00086,0.000484,0,1081,0.126523
29_1,,,3,0,3,3,0,3,0,0,0,0,0.000253,0,488,0.128344
29_2,,,3,2,5,3,2,5,21,0.086449,0.094234,0,0.000253,0,1081,0.128344
29_3,,,4,1,5,4,1,5,19,0.103475,0.113296,0.003147,0.00039,0,1081,0.164893
33_10,,,1,1,2,1,1,2,1,1,1,0,0.000158,0,487,0.051036
33_11,,,3,0,3,3,0,3,0,0,0,0,0.000312,0,486,0.107489
33_12,,,1,0,1,1,0,1,0,0,0,0,0.000158,0,485,0.051036
43_8,,,1,4,5,1,4,5,1,1,1,0.000258,0.000158,0,484,0.051036
94_5,,,4,0,4,4,0,4,0,0,0,0,0.000365,0,479,0.120263
94_6,,,4,0,4,4,0,4,0,0,0,0,0.000365,0,478,0.120263
4_43,,,2,13,15,2,13,15,26,0.069574,0.086502,0.001294,0.00029,0,1081,0.095448
5_90,,,4,2,6,4,2,6,26,0.068188,0.080401,0.003152,0.000307,0,1081,0.138544
5_91,,,3,0,3,3,0,3,0,0,0,0,0.000275,0,782,0.132673
6_152,,,2,9,11,2,9,11,25,0.067882,0.078926,0.001806,0.000315,0,1081,0.076798
17_34,,,2,2,4,2,2,4,1,1,1,0.000098,0.000574,0,793,0.071867
2_221,,,1,2,3,1,2,3,19,0.108898,0.12019,0.000079,0.000168,0,1081,0.060083
5_5,,,5,7,12,5,7,12,18,0.122181,0.13984,0.004825,0.000454,0,1081,0.15487
60_10,,,2,0,2,2,0,2,0,0,0,0,0.000216,0,933,0.030795
2_222,,,0,3,3,0,3,3,22,0.090146,0.103326,0,0.000113,0,1524,0
2_223,,,0,3,3,0,3,3,1,1,1,0,0.000113,0,1526,0
7_80,,,1,0,1,1,0,1,0,0,0,0,0.000145,0,1525,0.005871
26_165,,,3,0,3,3,0,3,0,0,0,0,0.000225,0,1089,0.02925
26_166,,,3,0,3,3,0,3,0,0,0,0,0.000225,0,1088,0.02925
2_224,,,1,1,2,1,1,2,1,1,1,0,0.000161,0,1527,0.005871
24_22,,,2,0,2,2,0,2,0,0,0,0,0.000315,0,832,0.032312
2_225,,,1,1,2,1,1,2,24,0.076632,0.08389,0.000882,0.000166,0,1081,0.029857
5_89,,,3,1,4,3,1,4,23,0.08294,0.092378,0.001018,0.000321,0,1081,0.027563
2_228,,,3,2,5,3,2,5,1,1,1,0.000158,0.000535,0,939,0.070147
4_34,,,1,1,2,1,1,2,2,0.666667,0.75,0,0.00034,0,939,0.034799
65_1,,,1,0,1,1,0,1,0,0,0,0,0.00034,0,938,0.034799
4_4,,,3,0,3,3,0,3,0,0,0,0,0.000255,0,935,0.073361
4_19,,,2,3,5,2,3,5,2,0.636364,0.714286,0.000079,0.000229,0,940,0.035349
4_20,,,1,0,1,1,0,1,0,0,0,0,0.000181,0,936,0.029478
2_233,,,4,5,9,4,5,9,19,0.104721,0.12075,0.005045,0.000954,0,1081,0.433481
4_23,,,5,8,13,5,8,13,18,0.109751,0.128166,0.007105,0.000534,0,1081,0.255025
46_15,,,4,5,9,4,5,9,20,0.094908,0.107151,0.001081,0.000912,0,1081,0.412641
65_6,,,1,1,2,1,1,2,20,0.094799,0.105217,0,0.000275,0,1081,0.115911
65_7,,,2,3,5,2,3,5,23,0.083043,0.098765,0.001329,0.000313,0,1081,0.149758
2_234,,,2,2,4,2,2,4,4,0.392857,0.484848,0.000001,0.000424,0,1529,0.029793
2_240,,,1,4,5,1,4,5,3,0.55,0.651515,0.000001,0.000293,0,1529,0.020263
65_4,,,1,1,2,1,1,2,5,0.289474,0.354545,0,0.000293,0,1529,0.020263
2_235,,,0,2,2,0,2,2,24,0.085918,0.096171,0,0.000113,0,1531,0
28_69,,,1,1,2,1,1,2,23,0.086692,0.09554,0.000068,0.000161,0,1530,0.005871
60_1,,,5,6,11,5,6,11,24,0.078318,0.089586,0.001469,0.000439,0,1211,0.147667
2_236,,,2,3,5,2,3,5,2,0.8,0.875,0.000158,0.000331,0,787,0.040901
2_241,,,1,0,1,1,0,1,0,0,0,0,0.000206,0,786,0.023126
33_28,,,1,0,1,1,0,1,0,0,0,0,0.000206,0,785,0.023126
33_49,,,3,2,5,3,2,5,2,0.666667,0.75,0.000237,0.000287,0,787,0.075184
2_238,,,1,7,8,1,7,8,21,0.090263,0.102985,0.000887,0.000127,0,1081,0.034304
6_55,,,2,0,2,2,0,2,0,0,0,0,0.000155,0,918,0.031094
6_75,,,1,4,5,1,4,5,22,0.086149,0.094679,0.000273,0.000128,0,1081,0.01761
33_40,,,4,3,7,4,3,7,20,0.093394,0.105199,0.002243,0.000414,0,1081,0.168205
2_239,,,0,2,2,0,2,2,20,0.102011,0.113532,0,0.000113,0,1535,0
4_102,,,2,2,4,2,2,4,19,0.107446,0.11979,0.000083,0.000197,0,1534,0.025116
4_12,,,3,1,4,3,1,4,1,1,1,0,0.000284,0,1528,0.031155
2_242,,,0,1,1,0,1,1,3,0.5,0.566667,0,0.000113,0,1536,0
2_244,,,0,3,3,0,3,3,23,0.079742,0.087897,0,0.000113,0,1538,0
3_168,,,1,0,1,1,0,1,0,0,0,0,0.000145,0,1537,0.005871
2_245,,,6,4,10,6,4,10,4,0.538462,0.72619,0.000088,0.000659,0,1070,0.107006
2_261,,,3,2,5,3,2,5,4,0.466667,0.583333,0.000314,0.00036,0,1070,0.078908
9_38,,,1,0,1,1,0,1,0,0,0,0,0.000253,0,1069,0.054905
22_40,,,5,9,14,5,9,14,25,0.07269,0.083377,0.000552,0.000555,0,1211,0.125393
2_253,,,1,1,2,1,1,2,25,0.066669,0.071461,0,0.00019,0,1539,0.012558
17_55,,,1,3,4,1,3,4,24,0.071429,0.078088,0.000101,0.000275,0,1539,0.012558
23_101,,,8,6,14,8,6,14,25,0.073249,0.081847,0.005638,0.000582,0,1081,0.351865
2_255,,,16,15,31,16,15,31,21,0.095262,0.119125,0.017356,0.002568,0,1081,1
13_9,,,4,0,4,4,0,4,0,0,0,0,0.000397,0,1007,0.315591
20_110,,,3,1,4,3,1,4,22,0.08698,0.101723,0.000119,0.000437,0,1081,0.341001
20_111,,,3,1,4,3,1,4,2,0.666667,0.75,0.000092,0.000347,0,163,0.323768
21_28,,,5,2,7,5,2,7,22,0.086985,0.102011,0.000234,0.000692,0,1081,0.501193
30_25,,,5,6,11,5,6,11,21,0.098987,0.12171,0.01349,0.000451,0,1081,0.553042
34_23,,,10,3,13,10,3,13,22,0.086989,0.102298,0.000678,0.001215,0,1081,0.62026
40_1,,,3,0,3,3,0,3,0,0,0,0,0.000277,0,161,0.300687
40_3,,,4,4,8,4,4,8,2,0.833333,0.9,0.000301,0.000291,0,160,0.327358
53_26,,,5,2,7,5,2,7,22,0.086985,0.102011,0.00004,0.000646,0,1081,0.485044
2_256,,,0,4,4,0,4,4,25,0.086033,0.098263,0,0.000113,0,1542,0
9_123,,,3,3,6,3,3,6,24,0.083844,0.095326,0.001112,0.000295,0,1081,0.067101
13_11,,,6,1,7,6,1,7,24,0.081159,0.091137,0.000323,0.000421,0,1081,0.063046
48_16,,,1,0,1,1,0,1,0,0,0,0,0.000137,0,1541,0.005871
66_9,,,1,0,1,1,0,1,0,0,0,0,0.000137,0,1540,0.005871
2_257,,,5,3,8,5,3,8,22,0.08988,0.100568,0.002055,0.000464,0,1081,0.161169
6_1,,,6,2,8,6,2,8,22,0.089875,0.100281,0.004983,0.000416,0,1081,0.264082
6_153,,,4,3,7,4,3,7,21,0.098728,0.11351,0.007241,0.000461,0,1081,0.19511
28_38,,,5,6,11,5,6,11,31,0.052272,0.059619,0.002147,0.001087,0,1081,0.272976
2_260,,,2,1,3,2,1,3,21,0.099027,0.118565,0.000302,0.000347,0,1543,0.018429
39_53,,,8,16,24,8,16,24,20,0.109848,0.142189,0.008335,0.001069,0,1081,0.307574
2_266,,,0,1,1,0,1,1,1,1,1,0,0.000113,0,1544,0
2_267,,,0,2,2,0,2,2,1,1,1,0,0.000113,0,1545,0
2_271,,,0,1,1,0,1,1,24,0.080905,0.093995,0,0.000113,0,1546,0
63_10,,,3,3,6,3,3,6,23,0.087976,0.106988,0.000101,0.000251,0,1148,0.106549
2_272,,,8,3,11,8,3,11,1,1,1,0.000208,0.001035,0,631,0.276393
41_46,,,6,0,6,6,0,6,0,0,0,0,0.000684,0,630,0.166565
45_15,,,1,0,1,1,0,1,0,0,0,0,0.000406,0,629,0.109498
60_8,,,1,0,1,1,0,1,0,0,0,0,0.000406,0,628,0.109498
2_273,,,0,5,5,0,5,5,19,0.116361,0.133107,0,0.000113,0,1548,0
4_101,,,2,5,7,2,5,7,18,0.120355,0.139326,0.000233,0.000216,0,1534,0.025116
15_75,,,1,0,1,1,0,1,0,0,0,0,0.000132,0,1547,0.005871
48_29,,,4,3,7,4,3,7,25,0.078252,0.088388,0.000379,0.000365,0,1081,0.092576
73_20,,,5,4,9,5,4,9,20,0.101812,0.117825,0.000542,0.000326,0,1533,0.047245
2_275,,,2,3,5,2,3,5,3,0.625,0.766667,0.000339,0.000137,0,867,0.061574
2_230,,,1,0,1,1,0,1,0,0,0,0,0.000152,0,866,0.027254
5_95,,,3,0,3,3,0,3,0,0,0,0,0.000219,0,865,0.038996
12_76,,,1,1,2,1,1,2,2,0.666667,0.75,0.000103,0.000152,0,864,0.027254
2_276,,,1,3,4,1,3,4,21,0.090347,0.103459,0.002246,0.000504,0,1081,0.06507
5_100,,,2,0,2,2,0,2,0,0,0,0,0.000383,0,850,0.040078
8_37,,,1,9,10,1,9,10,20,0.099009,0.117711,0.002033,0.000255,0,1081,0.025243
30_39,,,1,1,2,1,1,2,1,1,1,0.000079,0.000255,0,846,0.025243
2_282,,,0,2,2,0,2,2,1,1,1,0,0.000113,0,1549,0
8_29,,,2,1,3,2,1,3,1,1,1,0,0.001575,0,668,0.054316
57_28,,,4,1,5,4,1,5,1,1,1,0.000079,0.001664,0,668,0.119569
2_283,,,2,2,4,2,2,4,25,0.067327,0.073529,0.000179,0.000283,0,1081,0.032334
4_135,,,2,3,5,2,3,5,24,0.072179,0.080255,0.001321,0.000263,0,1081,0.053306
5_106,,,1,0,1,1,0,1,0,0,0,0,0.000233,0,803,0.02066
2_284,,,1,5,6,1,5,6,23,0.084022,0.102344,0.000629,0.00016,0,1081,0.020843
2_286,,,4,6,10,4,6,10,22,0.090413,0.112424,0.010471,0.000827,0,1081,0.251474
3_29,,,1,0,1,1,0,1,0,0,0,0,0.00014,0,501,0.014188
11_18,,,2,0,2,2,0,2,0,0,0,0,0.00024,0,500,0.039664
53_16,,,3,0,3,3,0,3,0,0,0,0,0.000255,0,700,0.143505
53_39,,,2,1,3,2,1,3,29,0.06184,0.071821,0.002221,0.000245,0,1081,0.092359
53_40,,,2,1,3,2,1,3,2,0.571429,0.625,0.000245,0.000245,0,68,0.092359
53_41,,,2,0,2,2,0,2,0,0,0,0,0.000245,0,63,0.092359
3_6,,,0,1,1,0,1,1,5,0.317073,0.392308,0,0.000113,0,1550,0
3_106,,,3,0,3,3,0,3,0,0,0,0,0.000143,0,1055,0.064911
4_82,,,1,2,3,1,2,3,22,0.100156,0.117628,0.000079,0.000126,0,1081,0.044015
6_151,,,7,9,16,7,9,16,20,0.108342,0.127847,0.010507,0.000584,0,1081,0.241175
7_53,,,4,2,6,4,2,6,26,0.064934,0.072542,0.000606,0.000431,0,1081,0.132989
12_36,,,1,0,1,1,0,1,0,0,0,0,0.000126,0,1053,0.044015
39_23,,,5,13,18,5,13,18,20,0.116057,0.143784,0.011764,0.00053,0,1081,0.14204
43_59,,,4,0,4,4,0,4,0,0,0,0,0.000182,0,304,0.114958
59_8,,,2,0,2,2,0,2,0,0,0,0,0.00015,0,1052,0.049886
59_10,,,3,6,9,3,6,9,4,0.419355,0.522436,0.000705,0.000308,0,1051,0.101369
3_10,,,0,5,5,0,5,5,5,0.363636,0.485417,0,0.000113,0,1555,0
3_196,,,4,0,4,4,0,4,0,0,0,0,0.000204,0,1552,0.040369
3_197,,,4,6,10,4,6,10,4,0.578947,0.734848,0.000002,0.000204,0,1554,0.040369
9_85,,,2,0,2,2,0,2,0,0,0,0,0.000169,0,1062,0.025798
3_13,,,1,3,4,1,3,4,23,0.076097,0.084689,0.000102,0.000275,0,1568,0.012558
3_123,,,3,3,6,3,3,6,1,1,1,0.000001,0.000318,0,1567,0.0243
8_42,,,2,1,3,2,1,3,22,0.082095,0.091627,0.000304,0.000286,0,1563,0.018429
8_44,,,1,1,2,1,1,2,24,0.070719,0.076801,0,0.00019,0,1568,0.012558
3_14,,,3,1,4,3,1,4,6,0.246667,0.289189,0.001074,0.000353,0,1072,0.060338
8_60,,,1,4,5,1,4,5,5,0.318584,0.400463,0.000997,0.000413,0,1071,0.03201
3_15,,,0,1,1,0,1,1,1,1,1,0,0.000113,0,1569,0
9_72,,,3,0,3,3,0,3,0,0,0,0,0.000422,0,257,0.098138
3_17,,,1,1,2,1,1,2,1,1,1,0,0.000171,0,1571,0.010387
12_98,,,2,0,2,2,0,2,0,0,0,0,0.000316,0,1570,0.022458
3_18,,,0,1,1,0,1,1,23,0.080142,0.091172,0,0.000113,0,1573,0
4_166,,,4,3,7,4,3,7,22,0.087074,0.102766,0.000644,0.000555,0,1572,0.0342
3_19,,,0,1,1,0,1,1,1,1,1,0,0.000113,0,1574,0
12_108,,,1,1,2,1,1,2,23,0.084282,0.096866,0.00081,0.000212,0,1081,0.128598
21_23,,,4,3,7,4,3,7,3,0.5,0.625,0.000519,0.000631,0,146,0.233139
3_26,,,1,4,5,1,4,5,20,0.093374,0.105277,0.000891,0.000223,0,1081,0.036461
17_21,,,6,0,6,6,0,6,0,0,0,0,0.000526,0,720,0.138301
43_31,,,5,0,5,5,0,5,0,0,0,0,0.000335,0,219,0.19924
43_32,,,5,0,5,5,0,5,0,0,0,0,0.000347,0,218,0.250498
3_28,,,5,5,10,5,5,10,25,0.072651,0.081471,0.000614,0.000741,0,1211,0.163686
5_51,,,3,0,3,3,0,3,0,0,0,0,0.000397,0,1209,0.132904
16_106,,,1,0,1,1,0,1,0,0,0,0,0.000239,0,1210,0.065138
3_30,,,2,2,4,2,2,4,29,0.05938,0.065663,0.000079,0.000417,0,1081,0.202087
43_38,,,1,0,1,1,0,1,0,0,0,0,0.00029,0,1033,0.059689
75_13,,,8,1,9,8,1,9,28,0.063117,0.0708,0.000559,0.000918,0,1081,0.423244
3_32,,,0,1,1,0,1,1,1,1,1,0,0.000113,0,1575,0
3_81,,,3,0,3,3,0,3,0,0,0,0,0.000531,0,212,0.077628
3_39,,,2,1,3,2,1,3,2,0.666667,0.75,0.000007,0.000331,0,1057,0.029345
28_7,,,5,1,6,5,1,6,1,1,1,0.000079,0.000514,0,301,0.210685
3_41,,,1,1,2,1,1,2,23,0.08274,0.092794,0,0.000251,0,1576,0.012558
19_10,,,1,2,3,1,2,3,22,0.090198,0.1042,0.000101,0.000326,0,1576,0.012558
3_43,,,2,1,3,2,1,3,3,0.454545,0.483333,0.000508,0.000163,0,319,0.154582
3_45,,,2,1,3,2,1,3,3,0.5,0.611111,0.000086,0.000238,0,1058,0.041355
3_47,,,0,1,1,0,1,1,1,1,1,0,0.000113,0,1577,0
43_63,,,1,0,1,1,0,1,0,0,0,0,0.000304,0,1399,0.016587
3_55,,,2,7,9,2,7,9,23,0.105669,0.124844,0.002867,0.000232,0,1081,0.077485
4_156,,,2,0,2,2,0,2,0,0,0,0,0.000178,0,582,0.059913
4_157,,,2,2,4,2,2,4,24,0.095586,0.108051,0.000059,0.000157,0,1081,0.039374
4_158,,,2,1,3,2,1,3,22,0.087868,0.095133,0.000371,0.000157,0,1081,0.039374
4_159,,,2,10,12,2,10,12,23,0.098132,0.115344,0.002368,0.000263,0,1081,0.059427
6_60,,,5,6,11,5,6,11,22,0.104721,0.122792,0.005995,0.000371,0,1081,0.130603
24_55,,,4,4,8,4,4,8,3,0.5,0.633333,0.000185,0.000256,0,33,0.076524
39_42,,,2,2,4,2,2,4,23,0.098466,0.113245,0.001131,0.000193,0,1081,0.088818
3_56,,,0,1,1,0,1,1,5,0.378378,0.442857,0,0.000113,0,1583,0
13_34,,,3,7,10,3,7,10,4,0.565217,0.724359,0.000005,0.000373,0,1582,0.036814
3_58,,,1,2,3,1,2,3,27,0.06362,0.068662,0.00001,0.000137,0,1587,0.005871
19_34,,,3,1,4,3,1,4,1,1,1,0,0.000298,0,1586,0.022129
19_35,,,1,1,2,1,1,2,26,0.067828,0.073017,0.000111,0.000171,0,1584,0.010387
19_21,,,3,4,7,3,4,7,24,0.078372,0.087339,0.000979,0.000571,0,1081,0.069922
3_64,,,0,4,4,0,4,4,22,0.092553,0.106962,0,0.000113,0,1588,0
3_79,,,0,1,1,0,1,1,1,1,1,0,0.000113,0,1589,0
9_31,,,3,0,3,3,0,3,0,0,0,0,0.000258,0,924,0.061275
3_80,,,0,4,4,0,4,4,23,0.074251,0.081753,0,0.000113,0,1590,0
21_29,,,4,2,6,4,2,6,22,0.07995,0.087347,0.000422,0.000215,0,1081,0.056461
16_49,,,1,1,2,1,1,2,2,0.666667,0.75,0,0.000179,0,378,0.033084
16_50,,,1,0,1,1,0,1,0,0,0,0,0.000179,0,377,0.033084
31_25,,,2,0,2,2,0,2,0,0,0,0,0.000475,0,376,0.081087
3_90,,,0,1,1,0,1,1,22,0.087852,0.095117,0,0.000113,0,1591,0
4_18,,,3,3,6,3,3,6,21,0.096258,0.106494,0.00195,0.000419,0,1081,0.071852
2_123,,,2,0,2,2,0,2,0,0,0,0,0.000185,0,1338,0.035263
3_95,,,0,2,2,0,2,2,19,0.107553,0.118997,0,0.000113,0,1592,0
106_3,,,4,1,5,4,1,5,21,0.084458,0.092307,0.000157,0.000416,0,1081,0.224194
106_4,,,4,1,5,4,1,5,19,0.101441,0.11556,0.010247,0.000416,0,1081,0.224194
3_100,,,0,1,1,0,1,1,22,0.088234,0.097027,0,0.000113,0,1593,0
3_101,,,0,1,1,0,1,1,19,0.098191,0.106252,0,0.000113,0,1595,0
57_8,,,2,1,3,2,1,3,18,0.108819,0.119929,0.000101,0.000401,0,1594,0.020184
64_16,,,2,0,2,2,0,2,0,0,0,0,0.000682,0,241,0.121856
3_103,,,2,3,5,2,3,5,1,1,1,0,0.000352,0,1597,0.025116
3_112,,,2,0,2,2,0,2,0,0,0,0,0.000234,0,1459,0.047468
8_62,,,2,0,2,2,0,2,0,0,0,0,0.000244,0,1596,0.025116
8_63,,,2,1,3,2,1,3,2,0.6,0.666667,0,0.000244,0,1597,0.025116
56_39,,,3,0,3,3,0,3,0,0,0,0,0.000179,0,1095,0.048302
56_40,,,3,2,5,3,2,5,2,0.583333,0.642857,0.000013,0.000179,0,1094,0.048302
3_114,,,0,1,1,0,1,1,19,0.100288,0.112914,0,0.000113,0,1598,0
9_25,,,3,0,3,3,0,3,0,0,0,0,0.000267,0,1566,0.033332
9_26,,,1,0,1,1,0,1,0,0,0,0,0.000203,0,1565,0.02159
9_27,,,2,0,2,2,0,2,0,0,0,0,0.000235,0,1564,0.027461
3_124,,,0,1,1,0,1,1,2,0.571429,0.625,0,0.000113,0,1599,0
3_125,,,0,3,3,0,3,3,22,0.090778,0.102394,0,0.000113,0,1607,0
3_121,,,1,0,1,1,0,1,0,0,0,0,0.000145,0,1606,0.005871
8_9,,,1,5,6,1,5,6,23,0.088585,0.098292,0.000063,0.000145,0,1605,0.005871
8_10,,,1,10,11,1,10,11,22,0.093199,0.107546,0.000039,0.000145,0,1602,0.005871
3_126,,,1,3,4,1,3,4,22,0.092663,0.103313,0.000101,0.000208,0,1608,0.005871
47_4,,,6,7,13,6,7,13,21,0.101899,0.116826,0.004023,0.000469,0,1081,0.209115
47_5,,,3,1,4,3,1,4,1,1,1,0,0.000202,0,1505,0.031162
47_6,,,3,0,3,3,0,3,0,0,0,0,0.000202,0,1503,0.031162
3_128,,,0,3,3,0,3,3,4,0.473684,0.541667,0,0.000113,0,1609,0
28_56,,,6,3,9,6,3,9,3,0.571429,0.666667,0.000074,0.001481,0,632,0.185294
3_133,,,2,2,4,2,2,4,2,0.666667,0.75,0.000002,0.000539,0,1101,0.054606
55_54,,,3,2,5,3,2,5,1,1,1,0.000001,0.000585,0,985,0.074873
57_21,,,2,1,3,2,1,3,3,0.444444,0.541667,0,0.000415,0,1101,0.054606
3_134,,,0,1,1,0,1,1,1,1,1,0,0.000113,4,1611,0
2_274,,,1,0,1,1,0,1,0,0,0,0,0.000208,4,1610,0.005871
3_135,,,2,2,4,2,2,4,23,0.077506,0.086421,0.001286,0.000475,0,1081,0.150227
3_142,,,5,4,9,5,4,9,20,0.094567,0.104629,0.002717,0.000341,0,1081,0.165558
3_145,,,0,5,5,0,5,5,24,0.09803,0.114003,0,0.000113,0,1618,0
6_2,,,1,5,6,1,5,6,23,0.098574,0.114106,0.000075,0.000132,0,1617,0.005871
17_18,,,4,0,4,4,0,4,0,0,0,0,0.000197,0,1612,0.043232
17_19,,,6,0,6,6,0,6,0,0,0,0,0.000372,0,1366,0.072471
35_11,,,2,3,5,2,3,5,23,0.087684,0.102473,0.000026,0.000151,0,1614,0.011742
42_20,,,3,4,7,3,4,7,1,1,1,0,0.000162,0,1613,0.022129
3_153,,,0,1,1,0,1,1,35,0.043304,0.046583,0,0.000113,0,1620,0
20_71,,,5,1,6,5,1,6,34,0.045238,0.04896,0.000202,0.000498,0,1619,0.052927
3_154,,,1,2,3,1,2,3,6,0.333333,0.468182,0,0.000142,0,1622,0.012558
8_11,,,1,5,6,1,5,6,5,0.44,0.639394,0.000001,0.000173,0,1622,0.012558
48_12,,,1,0,1,1,0,1,0,0,0,0,0.000173,0,1621,0.012558
3_159,,,1,3,4,1,3,4,19,0.096193,0.109987,0.000101,0.000208,0,1624,0.005871
23_40,,,1,0,1,1,0,1,0,0,0,0,0.000172,0,1623,0.010387
3_160,,,0,1,1,0,1,1,23,0.08485,0.092263,0,0.000113,0,1625,0
3_162,,,0,2,2,0,2,2,26,0.070972,0.07965,0,0.000113,0,1626,0
28_61,,,2,2,4,2,2,4,3,0.571429,0.708333,0.000001,0.000189,0,1553,0.034978
6_130,,,4,14,18,4,14,18,18,0.126602,0.158625,0.013021,0.000329,0,1081,0.193798
6_132,,,1,2,3,1,2,3,26,0.069646,0.079783,0.000586,0.000167,0,1081,0.069027
12_109,,,7,12,19,7,12,19,21,0.092539,0.109759,0.002193,0.000499,0,1081,0.382544
25_20,,,6,3,9,6,3,9,20,0.099474,0.115268,0.002198,0.000315,0,1081,0.3886
30_21,,,3,1,4,3,1,4,3,0.454545,0.533333,0.000337,0.000442,0,279,0.099333
3_173,,,2,1,3,2,1,3,1,1,1,0,0.000218,0,1627,0.011742
74_8,,,2,0,2,2,0,2,0,0,0,0,0.000328,0,1124,0.05794
3_175,,,0,10,10,0,10,10,26,0.068171,0.079919,0,0.000113,0,1632,0
4_76,,,1,0,1,1,0,1,0,0,0,0,0.000122,0,1631,0.005871
39_36,,,3,0,3,3,0,3,0,0,0,0,0.000193,0,1630,0.040034
39_38,,,1,3,4,1,3,4,2,0.8,0.875,0,0.000122,0,1629,0.005871
40_51,,,14,0,14,14,0,14,0,0,0,0,0.000824,0,11,0.469483
47_7,,,3,1,4,3,1,4,26,0.067767,0.074587,0,0.000223,0,1211,0.067625
58_19,,,3,0,3,3,0,3,0,0,0,0,0.000226,0,1628,0.031162
58_21,,,9,2,11,9,2,11,1,1,1,0.00003,0.000482,0,21,0.214151
9_55,,,3,3,6,3,3,6,21,0.105535,0.118801,0.002336,0.000229,0,1081,0.197084
23_55,,,7,0,7,7,0,7,0,0,0,0,0.000428,0,294,0.272722
23_56,,,7,12,19,7,12,19,22,0.095612,0.108982,0.002276,0.000428,0,1081,0.272722
68_44,,,3,4,7,3,4,7,23,0.087299,0.096577,0.001527,0.00027,0,1081,0.190456
3_179,,,4,2,6,4,2,6,23,0.08012,0.091351,0.004598,0.000353,0,1081,0.101932
72_26,,,3,0,3,3,0,3,0,0,0,0,0.000318,0,1009,0.054297
72_27,,,3,1,4,3,1,4,22,0.087015,0.101953,0.004675,0.000318,0,1081,0.054297
3_181,,,1,1,2,1,1,2,5,0.380952,0.472917,0.000006,0.000134,0,1458,0.028223
3_185,,,3,8,11,3,8,11,21,0.094419,0.107225,0.003294,0.000848,0,1081,0.106263
13_26,,,2,5,7,2,5,7,23,0.087528,0.098079,0.000723,0.000237,0,1081,0.066345
16_96,,,4,0,4,4,0,4,0,0,0,0,0.000285,0,286,0.078087
28_60,,,1,5,6,1,5,6,24,0.080621,0.089368,0.0001,0.000203,0,1081,0.045381
55_26,,,4,1,5,4,1,5,21,0.092367,0.099127,0.000685,0.000478,0,1081,0.146862
55_27,,,4,2,6,4,2,6,20,0.101869,0.110646,0.003451,0.000478,0,1081,0.146862
87_16,,,5,0,5,5,0,5,0,0,0,0,0.000318,0,285,0.111881
87_17,,,6,0,6,6,0,6,0,0,0,0,0.000337,0,284,0.117752
2_156,,,3,0,3,3,0,3,0,0,0,0,0.000239,0,920,0.0416
12_105,,,3,0,3,3,0,3,0,0,0,0,0.000309,0,358,0.074617
12_106,,,2,2,4,2,2,4,23,0.074488,0.084125,0.001909,0.000268,0,1081,0.043151
28_88,,,3,4,7,3,4,7,20,0.101761,0.111725,0.000965,0.000645,0,1081,0.079337
3_195,,,2,3,5,2,3,5,17,0.098184,0.109637,0.000156,0.00024,0,1633,0.011742
85_8,,,5,0,5,5,0,5,0,0,0,0,0.000427,0,1063,0.157903
40_4,,,2,3,5,2,3,5,5,0.423077,0.556061,0,0.000148,0,1554,0.034978
86_17,,,4,1,5,4,1,5,2,0.6,0.666667,0,0.000243,0,1551,0.051237
3_198,,,2,1,3,2,1,3,23,0.087277,0.094852,0.000118,0.000166,0,1081,0.026835
3_113,,,4,0,4,4,0,4,0,0,0,0,0.000374,0,680,0.203464
5_82,,,4,1,5,5,1,6,22,0.071608,0.078528,0.001265,0.000214,0,1081,0.199044
5_83,,,3,0,3,4,0,4,0,0,0,0,0.000167,0,638,0.193173
5_84,,,1,5,6,1,5,6,19,0.100288,0.114225,0.000041,0.000135,0,1081,0.087567
5_85,,,1,0,1,1,0,1,0,0,0,0,0.000135,0,890,0.087567
17_109,,,4,1,5,4,1,5,1,1,1,0.000079,0.000278,0,670,0.169402
3_200,,,0,1,1,0,1,1,22,0.075363,0.082837,0,0.000113,0,1637,0
19_71,,,3,5,8,3,5,8,21,0.081459,0.092359,0.000342,0.000238,0,1636,0.022129
4_1,,,4,2,6,4,2,6,1,1,1,0.000157,0.000816,0,278,0.087713
59_18,,,1,1,2,1,1,2,2,0.666667,0.75,0,0.00046,0,278,0.041752
85_9,,,2,0,2,2,0,2,0,0,0,0,0.000498,0,277,0.068145
4_3,,,1,4,5,1,4,5,3,0.666667,0.805556,0,0.000176,0,1640,0.012558
4_127,,,1,2,3,1,2,3,2,0.6,0.666667,0,0.00015,0,1640,0.012558
4_129,,,1,0,1,1,0,1,0,0,0,0,0.00015,0,1639,0.012558
35_1,,,1,0,1,1,0,1,0,0,0,0,0.00015,0,1638,0.012558
4_6,,,1,1,2,1,1,2,2,0.666667,0.75,0,0.000357,0,793,0.03089
4_8,,,1,6,7,1,6,7,2,0.578947,0.636364,0.000001,0.000161,0,1657,0.005871
6_141,,,3,18,21,3,18,21,1,1,1,0.000005,0.000178,0,1656,0.026645
47_10,,,3,0,3,3,0,3,0,0,0,0,0.000999,0,61,0.27395
68_17,,,2,0,2,2,0,2,0,0,0,0,0.000144,0,1643,0.033174
68_23,,,2,0,2,2,0,2,0,0,0,0,0.000144,0,1642,0.033174
68_24,,,2,0,2,2,0,2,0,0,0,0,0.000144,0,1641,0.033174
8_12,,,2,0,2,2,0,2,0,0,0,0,0.000457,0,942,0.07433
4_58,,,2,0,2,2,0,2,0,0,0,0,0.000363,0,995,0.060138
4_14,,,0,1,1,0,1,1,2,0.666667,0.75,0,0.000113,0,1658,0
40_84,,,9,3,12,9,3,12,22,0.09612,0.106849,0.003234,0.000566,0,1081,0.182542
40_85,,,8,0,8,8,0,8,0,0,0,0,0.000558,0,481,0.171351
33_21,,,2,0,2,2,0,2,0,0,0,0,0.000294,0,937,0.032341
4_22,,,0,3,3,0,3,3,18,0.111832,0.127822,0,0.000113,0,1659,0
17_32,,,3,0,3,3,0,3,0,0,0,0,0.000277,0,853,0.025655
4_24,,,1,3,4,1,3,4,3,0.5,0.611111,0.000708,0.000169,0,941,0.081057
24_33,,,3,1,4,3,1,4,20,0.104038,0.114488,0.006877,0.000382,0,1081,0.137084
33_4,,,2,2,4,2,2,4,21,0.085497,0.094265,0.000463,0.000307,0,1081,0.165198
33_37,,,5,4,9,5,4,9,19,0.109234,0.125954,0.007493,0.000646,0,1081,0.245128
44_56,,,2,0,2,2,0,2,0,0,0,0,0.000245,0,215,0.108482
4_21,,,1,0,1,1,0,1,0,0,0,0,0.000161,0,934,0.028561
4_25,,,3,3,6,3,3,6,19,0.116073,0.131844,0.007089,0.00054,0,1081,0.134761
24_2,,,1,0,1,1,0,1,0,0,0,0,0.000266,0,921,0.049618
33_56,,,1,9,10,1,9,10,20,0.10616,0.126188,0.002683,0.000266,0,1081,0.049618
4_29,,,3,3,6,3,3,6,21,0.097992,0.111659,0.000284,0.000268,0,1111,0.044434
24_61,,,1,3,4,1,3,4,22,0.089269,0.099293,0.000001,0.000189,0,1111,0.027426
4_31,,,1,11,12,1,11,12,21,0.104225,0.126403,0.001335,0.000199,0,1081,0.037461
3_77,,,1,0,1,1,0,1,0,0,0,0,0.000128,0,862,0.019286
4_93,,,3,7,10,3,7,10,21,0.106419,0.12991,0.000438,0.000221,0,1081,0.088146
8_15,,,1,0,1,1,0,1,0,0,0,0,0.000128,0,861,0.019286
22_31,,,4,1,5,4,1,5,20,0.090828,0.099489,0.003915,0.000683,0,1081,0.220557
24_23,,,1,4,5,1,4,5,1,1,1,0.000315,0.000128,0,860,0.019286
25_68,,,5,1,6,5,1,6,21,0.098981,0.118346,0.006127,0.000306,0,1081,0.28513
25_70,,,4,3,7,4,3,7,21,0.099622,0.115587,0.000698,0.00026,0,1081,0.172495
47_25,,,1,0,1,1,0,1,0,0,0,0,0.000128,0,855,0.019286
60_12,,,1,1,2,1,1,2,1,1,1,0.000079,0.000128,0,854,0.019286
4_32,,,0,1,1,0,1,1,18,0.089452,0.097403,0,0.000113,0,1660,0
4_33,,,0,2,2,0,2,2,22,0.079511,0.08831,0,0.000113,0,1663,0
8_75,,,2,2,4,2,2,4,5,0.309524,0.375641,0.000002,0.000241,0,1051,0.040205
33_6,,,2,2,4,2,2,4,21,0.085507,0.094267,0.000208,0.000234,0,1662,0.017942
19_32,,,1,3,4,1,3,4,21,0.08682,0.09597,0,0.000172,0,1081,0.028813
4_37,,,0,4,4,0,4,4,25,0.067853,0.074759,0,0.000113,0,1667,0
4_38,,,1,0,1,1,0,1,0,0,0,0,0.000137,0,1666,0.005871
100_6,,,1,0,1,1,0,1,0,0,0,0,0.000137,0,1665,0.005871
100_7,,,2,1,3,2,1,3,24,0.072625,0.079335,0.000101,0.00017,0,1081,0.038392
100_8,,,1,0,1,1,0,1,0,0,0,0,0.000137,0,1664,0.005871
6_160,,,2,1,3,2,1,3,2,0.571429,0.625,0.000272,0.000291,0,526,0.161195
21_47,,,7,3,10,7,3,10,27,0.066399,0.076396,0.000373,0.001028,0,1081,0.562945
31_16,,,4,3,7,4,3,7,28,0.062352,0.07096,0.00007,0.000603,0,1081,0.356906
99_6,,,1,0,1,1,0,1,0,0,0,0,0.000272,0,523,0.155324
99_7,,,7,1,8,7,1,8,4,0.333333,0.372549,0.000835,0.000756,0,86,0.399933
99_8,,,7,0,7,7,0,7,0,0,0,0,0.000756,0,70,0.399933
4_41,,,4,2,6,4,2,6,28,0.062343,0.071538,0.000586,0.000256,0,1081,0.063025
16_89,,,1,6,7,1,6,7,29,0.058734,0.068127,0.000432,0.000222,0,1081,0.035338
39_69,,,7,2,9,7,2,9,27,0.065964,0.075074,0.001806,0.000648,0,1081,0.198579
4_42,,,1,2,3,1,2,3,29,0.059545,0.066979,0.000039,0.000121,0,1081,0.036355
6_23,,,7,3,10,7,3,10,2,0.8,0.875,0.000218,0.001017,0,151,0.443718
78_40,,,3,2,5,3,2,5,28,0.063122,0.071184,0.000835,0.000408,0,1081,0.203167
2_237,,,2,0,2,2,0,2,0,0,0,0,0.000254,0,784,0.072191
5_6,,,2,3,5,2,3,5,28,0.061745,0.069714,0.000638,0.000202,0,1081,0.059293
5_38,,,1,0,1,1,0,1,0,0,0,0,0.000132,0,792,0.037161
6_7,,,2,3,5,2,3,5,1,1,1,0.000108,0.000142,0,791,0.043032
11_114,,,1,0,1,1,0,1,0,0,0,0,0.000132,0,789,0.037161
18_40,,,1,0,1,1,0,1,0,0,0,0,0.000132,0,788,0.037161
109_1,,,3,0,3,3,0,3,0,0,0,0,0.000194,0,783,0.0922
22_30,,,3,2,5,3,2,5,22,0.091879,0.104093,0.00647,0.000743,0,1081,0.123679
36_8,,,1,1,2,1,1,2,1,1,1,0.000013,0.000147,0,893,0.012754
36_9,,,2,2,4,2,2,4,21,0.093812,0.102174,0.001694,0.000178,0,1081,0.039516
4_48,,,5,4,9,5,4,9,20,0.108858,0.130245,0.00121,0.000583,0,1081,0.169709
5_72,,,1,4,5,1,4,5,21,0.09821,0.1131,0.000234,0.000237,0,1081,0.064282
4_49,,,1,3,4,1,3,4,22,0.093812,0.109846,0.000004,0.000199,0,1081,0.037461
53_32,,,3,3,6,3,3,6,21,0.103481,0.126697,0.002292,0.000305,0,1081,0.078988
4_50,,,0,2,2,0,2,2,2,0.75,0.833333,0,0.000113,0,1669,0
2_141,,,1,0,1,1,0,1,0,0,0,0,0.000161,0,1668,0.005871
4_51,,,0,2,2,0,2,2,3,0.421053,0.520833,0,0.000113,0,1671,0
4_54,,,3,1,4,3,1,4,2,0.545455,0.583333,0.000005,0.000201,0,1457,0.039965
108_3,,,1,0,1,1,0,1,0,0,0,0,0.000161,0,1670,0.005871
4_52,,,0,1,1,0,1,1,23,0.078296,0.086701,0,0.000113,0,1673,0
33_25,,,1,1,2,1,1,2,22,0.084899,0.096289,0.000101,0.000208,0,1672,0.005871
17_100,,,4,5,9,4,5,9,1,1,1,0.000005,0.000356,0,1456,0.050539
4_59,,,2,4,6,2,4,6,18,0.111324,0.127654,0.000182,0.000328,0,1112,0.031803
5_63,,,3,0,3,3,0,3,0,0,0,0,0.000301,0,1109,0.05691
16_43,,,1,9,10,1,9,10,19,0.10949,0.13165,0.000179,0.000182,0,1108,0.021415
42_10,,,2,1,3,2,1,3,19,0.100178,0.110826,0,0.000215,0,1112,0.031803
4_61,,,2,2,4,2,2,4,2,0.75,0.833333,0.000002,0.000189,0,1677,0.020984
24_51,,,1,0,1,1,0,1,0,0,0,0,0.000193,0,1676,0.017612
31_21,,,1,1,2,1,1,2,1,1,1,0.000001,0.000193,0,1675,0.017612
4_62,,,0,2,2,0,2,2,1,1,1,0,0.000113,0,1680,0
4_60,,,2,0,2,2,0,2,0,0,0,0,0.000208,0,1679,0.011742
5_52,,,3,0,3,3,0,3,0,0,0,0,0.000223,0,1678,0.022129
76_20,,,1,0,1,1,0,1,0,0,0,0,0.000206,0,1198,0.021835
4_75,,,0,2,2,0,2,2,29,0.057781,0.06337,0,0.000113,0,1682,0
4_98,,,1,0,1,1,0,1,0,0,0,0,0.000161,0,1681,0.005871
47_13,,,3,1,4,3,1,4,28,0.061254,0.067498,0.002801,0.000745,0,1081,0.071736
47_20,,,3,1,4,3,1,4,2,0.666667,0.75,0,0.000761,0,299,0.161286
47_21,,,2,0,2,2,0,2,0,0,0,0,0.000703,0,298,0.141293
7_131,,,3,0,3,3,0,3,0,0,0,0,0.000303,0,878,0.087493
21_34,,,3,2,5,3,2,5,21,0.093204,0.100715,0.001738,0.000293,0,1081,0.151227
22_45,,,5,1,6,5,1,6,23,0.079628,0.086359,0.000449,0.000332,0,1081,0.101094
4_79,,,1,1,2,1,1,2,6,0.228261,0.285714,0.000001,0.000145,0,1684,0.005871
42_30,,,1,3,4,1,3,4,5,0.28169,0.373333,0.000002,0.000236,0,1683,0.010387
4_81,,,1,1,2,1,1,2,1,1,1,0,0.000145,0,1686,0.005871
24_47,,,1,0,1,1,0,1,0,0,0,0,0.000236,0,1685,0.010387
47_24,,,1,0,1,1,0,1,0,0,0,0,0.000166,0,1054,0.020423
4_90,,,0,1,1,0,1,1,23,0.087061,0.09667,0,0.000113,0,1687,0
4_91,,,0,1,1,0,1,1,22,0.09269,0.100885,0,0.000113,0,1688,0
17_33,,,1,0,1,1,0,1,0,0,0,0,0.000139,0,713,0.037479
25_69,,,2,0,2,2,0,2,0,0,0,0,0.000187,0,712,0.04335
4_94,,,0,1,1,0,1,1,1,1,1,0,0.000113,0,1689,0
8_26,,,2,0,2,2,0,2,0,0,0,0,0.000263,0,31,0.045213
4_97,,,1,1,2,1,1,2,2,0.666667,0.75,0.000006,0.000533,0,1067,0.044914
5_3,,,5,6,11,5,6,11,24,0.095807,0.112583,0.009264,0.000681,0,1081,0.121035
9_103,,,4,0,4,4,0,4,0,0,0,0,0.000341,0,919,0.052402
4_104,,,0,1,1,0,1,1,1,1,1,0,0.000113,0,1690,0
3_140,,,2,0,2,2,0,2,0,0,0,0,0.000221,0,1601,0.016258
4_109,,,0,1,1,0,1,1,22,0.089465,0.099484,0,0.000113,0,1691,0
4_116,,,2,1,3,2,1,3,21,0.098199,0.112142,0.000479,0.000264,0,1081,0.097059
4_111,,,0,1,1,0,1,1,25,0.07318,0.079937,0,0.000113,0,1692,0
35_18,,,6,5,11,6,5,11,24,0.078913,0.088282,0.001234,0.000433,0,1081,0.189021
4_113,,,0,3,3,0,3,3,24,0.080749,0.087937,0,0.000113,0,1695,0
28_86,,,2,0,2,2,0,2,0,0,0,0,0.000149,0,1694,0.011742
42_53,,,3,0,3,3,0,3,0,0,0,0,0.000216,0,1693,0.017613
4_114,,,0,4,4,0,4,4,23,0.082688,0.092656,0,0.000113,0,1696,0
4_115,,,2,6,8,2,6,8,24,0.095455,0.117088,0.003425,0.000426,0,1081,0.113233
37_22,,,6,0,6,6,0,6,0,0,0,0,0.00035,0,439,0.173892
4_117,,,3,10,13,3,10,13,1,1,1,0.00055,0.000477,0,253,0.090778
36_60,,,6,0,6,6,0,6,0,0,0,0,0.000342,0,252,0.145566
37_158,,,3,0,3,3,0,3,0,0,0,0,0.000245,0,251,0.093704
37_159,,,2,0,2,2,0,2,0,0,0,0,0.000165,0,250,0.070948
43_19,,,3,0,3,3,0,3,0,0,0,0,0.000345,0,249,0.051155
53_19,,,2,0,2,2,0,2,0,0,0,0,0.000177,0,248,0.045284
53_20,,,2,0,2,2,0,2,0,0,0,0,0.000177,0,247,0.045284
53_21,,,6,0,6,6,0,6,0,0,0,0,0.000422,0,246,0.119327
53_22,,,5,0,5,5,0,5,0,0,0,0,0.000398,0,245,0.113456
53_23,,,4,0,4,4,0,4,0,0,0,0,0.000357,0,244,0.14362
4_120,,,4,3,7,4,3,7,22,0.093399,0.1073,0.013731,0.000407,0,1081,0.132871
59_7,,,3,1,4,3,1,4,1,1,1,0.000079,0.000352,0,339,0.120223
34_17,,,1,0,1,1,0,1,0,0,0,0,0.000233,0,509,0.079894
4_125,,,0,9,9,0,9,9,17,0.120953,0.142234,0,0.000113,0,1697,0
46_16,,,3,0,3,3,0,3,0,0,0,0,0.000331,0,1254,0.034758
4_131,,,0,2,2,0,2,2,2,0.75,0.833333,0,0.000113,0,1699,0
14_8,,,6,2,8,6,2,8,1,1,1,0.000001,0.001028,0,1698,0.055622
64_6,,,6,0,6,6,0,6,0,0,0,0,0.00073,0,568,0.149658
4_133,,,4,3,7,4,3,7,24,0.068953,0.079507,0.000648,0.000228,0,1081,0.133636
14_19,,,3,14,17,3,14,17,23,0.074047,0.090163,0.001028,0.00025,0,1081,0.106058
14_20,,,3,0,3,3,0,3,0,0,0,0,0.00025,0,672,0.106058
47_38,,,5,0,5,5,0,5,0,0,0,0,0.000369,0,671,0.18622
4_134,,,0,10,10,0,10,10,23,0.092273,0.109467,0,0.000113,0,1704,0
2_201,,,1,0,1,1,0,1,0,0,0,0,0.000122,0,1703,0.005871
2_202,,,1,0,1,1,0,1,0,0,0,0,0.000122,0,1702,0.005871
11_15,,,1,5,6,1,5,6,1,1,1,0,0.000122,0,1701,0.005871
11_16,,,1,0,1,1,0,1,0,0,0,0,0.000122,0,1700,0.005871
3_78,,,1,0,1,1,0,1,0,0,0,0,0.000187,0,802,0.026463
5_8,,,2,2,4,2,2,4,23,0.077589,0.086838,0.002358,0.00021,0,1081,0.090854
4_139,,,1,2,3,1,2,3,24,0.06938,0.076849,0,0.00015,0,1706,0.012558
35_10,,,1,4,5,1,4,5,23,0.074546,0.084944,0.000101,0.000176,0,1706,0.012558
63_8,,,3,0,3,3,0,3,0,0,0,0,0.000298,0,1064,0.044467
4_140,,,2,2,4,2,2,4,1,1,1,0,0.001094,5,1707,0.029793
6_68,,,1,1,2,1,1,2,2,0.666667,0.75,0,0.000578,5,1707,0.020263
6_69,,,1,1,2,1,1,2,2,0.666667,0.75,0,0.000578,5,1707,0.020263
4_141,,,1,4,5,1,4,5,1,1,1,0,0.000145,0,1708,0.005871
9_54,,,1,0,1,1,0,1,0,0,0,0,0.000192,0,779,0.065812
4_143,,,1,3,4,1,3,4,20,0.094321,0.109021,0.000197,0.000219,0,1192,0.017319
4_148,,,0,1,1,0,1,1,1,1,1,0,0.000113,6,1710,0
42_41,,,1,0,1,1,0,1,0,0,0,0,0.000208,6,1709,0.005871
7_138,,,4,0,4,4,0,4,0,0,0,0,0.000226,0,906,0.076293
7_139,,,4,0,4,4,0,4,0,0,0,0,0.000226,0,905,0.076293
4_154,,,1,3,4,1,3,4,21,0.093929,0.106412,0.000203,0.000229,0,1377,0.017489
17_101,,,2,5,7,2,5,7,20,0.100292,0.115261,0.000466,0.000367,0,1374,0.034129
15_6,,,3,0,3,3,0,3,0,0,0,0,0.000219,0,743,0.097464
5_116,,,6,2,8,6,2,8,26,0.064903,0.073378,0.003414,0.000532,0,1081,0.212014
5_117,,,2,0,2,2,0,2,0,0,0,0,0.000232,0,254,0.04397
5_118,,,3,0,3,3,0,3,0,0,0,0,0.000334,0,476,0.086266
21_96,,,2,3,5,2,3,5,24,0.082086,0.097132,0.00131,0.000162,0,1081,0.043404
21_97,,,2,1,3,2,1,3,2,0.6,0.666667,0.000026,0.000162,0,813,0.043404
43_61,,,2,1,3,2,1,3,24,0.089367,0.100155,0.000135,0.000144,0,1081,0.050541
68_42,,,2,0,2,2,0,2,0,0,0,0,0.000176,0,809,0.127498
73_17,,,1,0,1,1,0,1,0,0,0,0,0.000135,0,808,0.027842
4_160,,,2,2,4,2,2,4,22,0.084712,0.094178,0.000201,0.000465,0,1711,0.025116
6_146,,,2,1,3,2,1,3,23,0.0781,0.084772,0,0.000358,0,1711,0.025116
4_162,,,0,1,1,0,1,1,3,0.459459,0.490196,0,0.000113,0,1712,0
4_163,,,1,3,4,1,3,4,21,0.099428,0.113993,0.001966,0.000133,0,1081,0.069709
6_91,,,4,4,8,4,4,8,20,0.095486,0.111583,0.001254,0.000248,0,1081,0.089544
4_164,,,0,7,7,0,7,7,17,0.10615,0.12461,0,0.000113,0,1718,0
7_143,,,3,6,9,3,6,9,22,0.087642,0.1068,0.001134,0.000282,0,1081,0.04578
87_14,,,5,0,5,5,0,5,0,0,0,0,0.000336,0,74,0.101125
87_15,,,4,0,4,4,0,4,0,0,0,0,0.000277,0,73,0.071903
87_18,,,1,4,5,1,4,5,1,1,1,0,0.000126,0,1717,0.005871
87_19,,,1,7,8,1,7,8,18,0.107143,0.125003,0.000068,0.000126,0,1716,0.005871
4_165,,,3,2,5,3,2,5,22,0.08981,0.10117,0.001882,0.000216,0,1081,0.111533
20_134,,,1,7,8,1,7,8,21,0.098588,0.11477,0.001319,0.000205,0,1081,0.043075
28_47,,,2,7,9,2,7,9,22,0.084002,0.095967,0.00081,0.000427,0,1081,0.090535
41_42,,,9,0,9,9,0,9,0,0,0,0,0.000794,0,690,0.171238
4_170,,,0,1,1,0,1,1,2,0.6,0.666667,0,0.000113,0,1719,0
4_171,,,0,23,23,0,23,23,19,0.101942,0.12672,0,0.000113,0,1722,0
5_17,,,1,0,1,1,0,1,0,0,0,0,0.000117,0,1721,0.005871
5_73,,,4,2,6,4,2,6,27,0.061005,0.068036,0.000846,0.000306,0,1081,0.212451
5_75,,,2,3,5,2,3,5,22,0.084722,0.096062,0.000059,0.000152,0,1081,0.126149
11_64,,,1,0,1,1,0,1,0,0,0,0,0.000117,0,1720,0.005871
21_91,,,2,3,5,2,3,5,24,0.078358,0.086878,0.000002,0.000238,0,1081,0.041355
45_13,,,2,1,3,2,1,3,2,0.666667,0.75,0.000124,0.000235,0,1080,0.072235
4_172,,,1,4,5,1,4,5,22,0.087928,0.100549,0.000101,0.000208,0,1723,0.005871
21_26,,,5,0,5,5,0,5,0,0,0,0,0.000237,0,313,0.097544
21_27,,,4,0,4,4,0,4,0,0,0,0,0.000203,0,312,0.082126
4_173,,,0,1,1,0,1,1,19,0.099326,0.108209,0,0.000113,0,1724,0
4_176,,,1,9,10,1,9,10,17,0.116545,0.134715,0.000094,0.000145,0,1725,0.005871
5_1,,,0,5,5,0,5,5,24,0.094705,0.110347,0,0.000113,0,1727,0
5_4,,,3,3,6,3,3,6,23,0.100876,0.117477,0.006224,0.000274,0,1081,0.110579
58_13,,,1,0,1,1,0,1,0,0,0,0,0.000132,0,1726,0.005871
2_198,,,2,0,2,2,0,2,0,0,0,0,0.00015,0,495,0.076949
5_42,,,2,1,3,2,1,3,3,0.5,0.583333,0.000125,0.000206,0,404,0.120331
22_32,,,1,0,1,1,0,1,0,0,0,0,0.000136,0,492,0.064391
6_119,,,1,0,1,1,0,1,0,0,0,0,0.00019,0,805,0.044879
6_121,,,3,6,9,3,6,9,19,0.119404,0.137288,0.002577,0.000321,0,1081,0.125403
24_3,,,1,3,4,1,3,4,19,0.111682,0.124751,0.000079,0.000168,0,1081,0.060083
98_1,,,1,0,1,1,0,1,0,0,0,0,0.000168,0,922,0.060083
4_2,,,2,0,2,2,0,2,0,0,0,0,0.000414,0,522,0.058423
76_21,,,5,1,6,5,1,6,4,0.384615,0.483333,0.000236,0.000558,0,521,0.09539
5_7,,,1,2,3,1,2,3,17,0.122098,0.139038,0.000201,0.000454,0,1594,0.017489
24_28,,,2,0,2,2,0,2,0,0,0,0,0.000407,0,494,0.04939
25_24,,,3,7,10,3,7,10,22,0.08403,0.096957,0.002955,0.000297,0,1081,0.112427
3_24,,,1,0,1,1,0,1,0,0,0,0,0.00057,0,510,0.032269
5_19,,,2,1,3,2,1,3,1,1,1,0.000079,0.000181,0,564,0.041824
18_25,,,1,0,1,1,0,1,0,0,0,0,0.000266,0,563,0.022537
7_140,,,1,0,1,1,0,1,0,0,0,0,0.000147,0,1177,0.040359
45_16,,,2,0,2,2,0,2,0,0,0,0,0.000199,0,1176,0.054924
5_22,,,0,4,4,0,4,4,1,1,1,0,0.000113,0,1730,0
26_119,,,1,0,1,1,0,1,0,0,0,0,0.000137,0,1729,0.005871
26_120,,,1,0,1,1,0,1,0,0,0,0,0.000137,0,1728,0.005871
71_26,,,5,1,6,5,1,6,1,1,1,0.000079,0.000454,0,40,0.185397
5_26,,,1,1,2,1,1,2,2,0.666667,0.75,0,0.000145,0,1731,0.005871
5_27,,,0,3,3,0,3,3,2,0.636364,0.714286,0,0.000113,0,1735,0
3_62,,,1,0,1,1,0,1,0,0,0,0,0.000145,0,1734,0.005871
18_13,,,1,3,4,1,3,4,1,1,1,0,0.000145,0,1733,0.005871
5_32,,,0,2,2,0,2,2,3,0.571429,0.708333,0,0.000113,0,1737,0
2_85,,,1,0,1,1,0,1,0,0,0,0,0.000161,0,1736,0.005871
5_33,,,0,5,5,0,5,5,22,0.099414,0.117009,0,0.000113,0,1740,0
9_43,,,1,1,2,1,1,2,1,1,1,0,0.000132,0,1739,0.005871
5_34,,,0,1,1,0,1,1,21,0.099027,0.118565,0,0.000113,0,1741,0
5_35,,,0,1,1,0,1,1,1,1,1,0,0.000113,7,1743,0
17_57,,,1,0,1,1,0,1,0,0,0,0,0.000208,7,1742,0.005871
5_41,,,3,5,8,3,5,8,21,0.092603,0.106304,0.002659,0.000415,0,1081,0.152268
5_47,,,2,2,4,2,2,4,24,0.082265,0.09442,0.002251,0.000779,0,1081,0.151848
5_49,,,2,2,4,2,2,4,2,0.75,0.833333,0.000047,0.00032,0,403,0.048757
5_46,,,0,1,1,0,1,1,2,0.666667,0.75,0,0.000113,0,1744,0
15_9,,,4,1,5,4,1,5,21,0.09023,0.099763,0.002666,0.000461,0,1081,0.100155
6_116,,,6,2,8,6,2,8,1,1,1,0.000079,0.002888,0,341,0.604857
12_103,,,11,1,12,11,1,12,2,0.666667,0.75,0.000022,0.002657,0,341,0.684637
5_54,,,3,5,8,3,5,8,24,0.075389,0.087384,0.000522,0.000315,0,1081,0.118687
5_56,,,0,2,2,0,2,2,27,0.063591,0.069841,0,0.000113,0,1747,0
58_22,,,2,3,5,2,3,5,26,0.067839,0.075116,0.000203,0.000256,0,1746,0.011742
5_57,,,1,2,3,1,2,3,23,0.0848,0.095767,0.001554,0.000175,0,1211,0.061895
5_59,,,0,2,2,0,2,2,2,0.75,0.833333,0,0.000113,0,1748,0
9_74,,,2,2,4,2,2,4,1,1,1,0.000157,0.000198,0,1065,0.025798
5_64,,,3,10,13,3,10,13,20,0.096302,0.113202,0.000524,0.000247,0,1460,0.047697
4_53,,,4,0,4,4,0,4,0,0,0,0,0.000253,0,1455,0.07923
4_55,,,3,0,3,3,0,3,0,0,0,0,0.000167,0,1450,0.039965
14_34,,,6,0,6,6,0,6,0,0,0,0,0.000481,0,157,0.203639
17_29,,,3,0,3,3,0,3,0,0,0,0,0.000494,0,827,0.061429
5_65,,,0,2,2,0,2,2,19,0.100074,0.112558,0,0.000113,0,1763,0
7_96,,,2,4,6,2,4,6,18,0.107965,0.124988,0.000136,0.00018,0,1762,0.011742
30_41,,,1,1,2,1,1,2,24,0.071897,0.079235,0.000009,0.000161,0,1749,0.005871
7_181,,,1,1,2,1,1,2,19,0.101488,0.114313,0,0.000138,0,1081,0.033186
35_32,,,3,4,7,3,4,7,3,0.485714,0.568627,0.000273,0.000201,0,689,0.055126
35_33,,,1,0,1,1,0,1,0,0,0,0,0.000138,0,682,0.033186
57_27,,,2,3,5,2,3,5,21,0.077073,0.086518,0.001745,0.00032,0,1081,0.101738
5_67,,,9,3,12,9,3,12,20,0.099134,0.113029,0.005166,0.000845,0,1081,0.164585
7_50,,,2,0,2,2,0,2,0,0,0,0,0.000192,0,826,0.054179
19_30,,,1,0,1,1,0,1,0,0,0,0,0.000163,0,825,0.025826
19_36,,,1,0,1,1,0,1,0,0,0,0,0.000163,0,824,0.025826
9_30,,,1,0,1,1,0,1,0,0,0,0,0.000243,0,499,0.072212
5_105,,,1,0,1,1,0,1,0,0,0,0,0.000183,0,1178,0.029623
28_55,,,4,0,4,4,0,4,0,0,0,0,0.00029,0,891,0.107251
5_87,,,0,4,4,0,4,4,2,0.75,0.833333,0,0.000113,0,1766,0
7_31,,,3,0,3,3,0,3,0,0,0,0,0.00019,0,205,0.064518
25_67,,,2,1,3,2,1,3,1,1,1,0.000065,0.000277,0,828,0.034026
66_1,,,1,1,2,1,1,2,1,1,1,0,0.000137,0,1765,0.005871
66_2,,,1,0,1,1,0,1,0,0,0,0,0.000137,0,1764,0.005871
5_93,,,0,1,1,0,1,1,19,0.103461,0.113279,0,0.000113,0,1767,0
5_94,,,0,1,1,0,1,1,1,1,1,0,0.000113,0,1768,0
5_102,,,0,4,4,0,4,4,19,0.107011,0.124231,0,0.000113,0,1769,0
6_109,,,4,0,4,4,0,4,0,0,0,0,0.000345,0,566,0.175288
6_111,,,8,6,14,8,6,14,20,0.102814,0.116922,0.006826,0.000887,0,1081,0.378971
17_59,,,8,4,12,8,4,12,18,0.101976,0.11772,0.004923,0.000406,0,1081,0.126113
5_103,,,1,1,2,1,1,2,5,0.276923,0.343519,0.000001,0.000161,0,1777,0.005871
6_136,,,4,4,8,4,4,8,4,0.361702,0.490196,0.000005,0.000546,0,1776,0.0453
5_109,,,4,3,7,4,3,7,3,0.538462,0.666667,0.000001,0.000332,0,1040,0.081431
7_6,,,3,2,5,3,2,5,4,0.411765,0.547619,0.000079,0.000265,0,1040,0.078736
15_92,,,5,0,5,5,0,5,0,0,0,0,0.000665,0,140,0.214862
15_93,,,5,1,6,5,1,6,2,0.571429,0.625,0.000237,0.000655,0,145,0.171794
67_1,,,2,1,3,2,1,3,24,0.074323,0.085965,0.003831,0.00029,0,1081,0.065001
5_111,,,2,3,5,2,3,5,25,0.07493,0.081987,0.000008,0.000136,0,1782,0.03516
16_68,,,1,0,1,1,0,1,0,0,0,0,0.000151,0,1781,0.022093
16_69,,,1,5,6,1,5,6,24,0.080824,0.089143,0.000108,0.000151,0,1780,0.022093
5_115,,,1,5,6,1,5,6,1,1,1,0.000313,0.000199,0,904,0.065155
5_112,,,1,0,1,1,0,1,0,0,0,0,0.000146,0,903,0.02879
5_113,,,1,0,1,1,0,1,0,0,0,0,0.000146,0,902,0.02879
5_114,,,1,0,1,1,0,1,0,0,0,0,0.000146,0,901,0.02879
40_46,,,3,0,3,3,0,3,0,0,0,0,0.000279,0,704,0.080531
5_119,,,2,3,5,2,3,5,1,1,1,0.000227,0.000388,0,258,0.142747
37_61,,,2,0,2,2,0,2,0,0,0,0,0.000412,0,255,0.070229
83_26,,,1,1,2,1,1,2,1,1,1,0,0.000223,0,256,0.049515
7_187,,,6,5,11,6,5,11,23,0.074437,0.084176,0.003077,0.000732,0,1081,0.155333
79_42,,,2,0,2,2,0,2,0,0,0,0,0.000259,0,89,0.075816
79_43,,,1,0,1,1,0,1,0,0,0,0,0.000135,0,1616,0.010387
79_44,,,2,1,3,2,1,3,24,0.069317,0.076185,0,0.000154,0,1615,0.016258
15_14,,,4,0,4,4,0,4,0,0,0,0,0.000319,0,55,0.112848
15_15,,,4,0,4,4,0,4,0,0,0,0,0.000319,0,54,0.112848
52_44,,,2,2,4,2,2,4,1,1,1,0,0.000164,0,790,0.028621
6_8,,,0,2,2,0,2,2,22,0.089377,0.099289,0,0.000113,0,1783,0
15_8,,,3,0,3,3,0,3,0,0,0,0,0.000277,0,734,0.081165
25_22,,,3,7,10,3,7,10,21,0.098033,0.112577,0.001511,0.000321,0,1081,0.042928
6_9,,,0,2,2,0,2,2,20,0.103559,0.12055,0,0.000113,0,1784,0
17_95,,,2,0,2,2,0,2,0,0,0,0,0.000213,0,567,0.050238
39_64,,,1,0,1,1,0,1,0,0,0,0,0.000137,0,1119,0.010387
51_56,,,4,1,5,4,1,5,1,1,1,0.000025,0.000347,0,762,0.105128
51_57,,,2,0,2,2,0,2,0,0,0,0,0.000166,0,875,0.02418
51_58,,,3,0,3,3,0,3,0,0,0,0,0.000195,0,874,0.034568
6_17,,,0,1,1,0,1,1,2,0.666667,0.75,0,0.000113,8,1787,0
35_2,,,2,1,3,2,1,3,1,1,1,0,0.000304,8,1786,0.011742
6_19,,,11,2,13,11,2,13,18,0.101809,0.113368,0.000153,0.000967,0,1081,0.567147
6_150,,,1,0,1,1,0,1,0,0,0,0,0.000523,0,590,0.185313
6_22,,,1,1,2,1,1,2,24,0.075932,0.08589,0.000079,0.000148,0,1081,0.04305
28_62,,,1,1,2,1,1,2,23,0.082164,0.096064,0.000101,0.000239,0,1081,0.020394
40_73,,,1,0,1,1,0,1,0,0,0,0,0.000401,0,150,0.136984
40_74,,,1,1,2,1,1,2,3,0.5,0.583333,0,0.000401,0,151,0.136984
6_25,,,0,2,2,0,2,2,23,0.077495,0.086111,0,0.000113,0,1788,0
8_23,,,5,0,5,5,0,5,0,0,0,0,0.000285,0,549,0.085561
6_28,,,13,6,19,13,6,19,25,0.069393,0.079772,0.00471,0.001158,0,1081,0.609244
6_24,,,3,0,3,3,0,3,0,0,0,0,0.000581,0,149,0.342754
6_27,,,10,0,10,10,0,10,0,0,0,0,0.000956,0,269,0.626835
17_102,,,3,2,5,3,2,5,2,0.75,0.833333,0.000158,0.00046,0,1013,0.239078
27_14,,,6,0,6,6,0,6,0,0,0,0,0.000795,0,1010,0.312022
29_11,,,2,2,4,2,2,4,24,0.074237,0.083186,0.004207,0.000343,0,1081,0.222234
6_30,,,0,1,1,0,1,1,1,1,1,0,0.000113,0,1789,0
52_15,,,7,0,7,7,0,7,0,0,0,0,0.000351,0,122,0.093463
6_33,,,1,3,4,1,3,4,2,0.8,0.875,0,0.000118,0,1793,0.005871
18_6,,,2,3,5,2,3,5,1,1,1,0.000001,0.000272,0,1792,0.055282
26_3,,,3,2,5,3,2,5,2,0.75,0.833333,0.000002,0.000296,0,1792,0.102757
35_8,,,5,0,5,5,0,5,0,0,0,0,0.000518,0,1790,0.153523
6_34,,,3,4,7,3,4,7,2,0.75,0.833333,0.000026,0.000313,0,931,0.062165
37_171,,,4,2,6,4,2,6,2,0.75,0.833333,0.000002,0.000276,0,24,0.139116
37_172,,,4,0,4,4,0,4,0,0,0,0,0.000276,0,23,0.139116
37_173,,,4,0,4,4,0,4,0,0,0,0,0.000276,0,22,0.139116
6_35,,,1,1,2,1,1,2,26,0.067653,0.077059,0,0.000156,0,1795,0.012476
10_99,,,7,10,17,7,10,17,25,0.072521,0.087175,0.00042,0.000861,0,1794,0.129489
6_36,,,2,1,3,2,1,3,19,0.092488,0.100718,0.000149,0.000192,0,1797,0.011742
36_70,,,1,2,3,1,2,3,18,0.101856,0.11359,0.000249,0.000276,0,1796,0.014903
6_37,,,0,3,3,0,3,3,19,0.103104,0.118954,0,0.000113,0,1799,0
26_4,,,2,3,5,2,3,5,25,0.072481,0.083946,0.000107,0.00024,0,1798,0.011742
29_60,,,1,1,2,1,1,2,27,0.059731,0.065413,0,0.00035,0,1081,0.161291
81_5,,,1,2,3,1,2,3,28,0.059372,0.065643,0.000079,0.00035,0,1081,0.161291
6_41,,,0,1,1,0,1,1,1,1,1,0,0.000113,0,1800,0
17_67,,,10,0,10,10,0,10,0,0,0,0,0.00095,0,748,0.159404
6_46,,,1,3,4,1,3,4,21,0.09817,0.109647,0.000101,0.000127,0,1809,0.012558
8_24,,,2,2,4,2,2,4,20,0.108281,0.121674,0.001571,0.000194,0,1081,0.038592
10_31,,,1,9,10,1,9,10,22,0.089467,0.100184,0,0.000149,0,1809,0.012558
67_23,,,3,0,3,3,0,3,0,0,0,0,0.00021,0,1801,0.030987
6_49,,,0,1,1,0,1,1,2,0.666667,0.75,0,0.000113,0,1810,0
6_82,,,2,1,3,2,1,3,1,1,1,0,0.002778,0,162,0.089753
6_50,,,0,1,1,0,1,1,26,0.070813,0.078395,0,0.000113,0,1811,0
6_51,,,2,2,4,2,2,4,1,1,1,0.000157,0.00023,0,899,0.119871
23_57,,,1,0,1,1,0,1,0,0,0,0,0.00021,0,897,0.044089
6_52,,,3,6,9,3,6,9,19,0.111303,0.124736,0.002582,0.000378,0,1081,0.110576
6_53,,,5,7,12,5,7,12,20,0.100323,0.112086,0.002156,0.000518,0,1081,0.155918
18_28,,,3,2,5,3,2,5,19,0.113305,0.12532,0.004177,0.000401,0,1081,0.106982
26_111,,,3,1,4,3,1,4,1,1,1,0.00003,0.000246,0,982,0.107253
26_112,,,3,0,3,3,0,3,0,0,0,0,0.000413,0,981,0.107283
26_113,,,1,0,1,1,0,1,0,0,0,0,0.000166,0,980,0.044231
11_27,,,2,1,3,2,1,3,2,0.6,0.666667,0.000103,0.000196,0,199,0.085832
19_73,,,2,6,8,2,6,8,21,0.091229,0.100542,0.001799,0.00042,0,1081,0.101414
19_74,,,1,0,1,1,0,1,0,0,0,0,0.000176,0,195,0.061865
29_69,,,1,0,1,1,0,1,0,0,0,0,0.000176,0,194,0.061865
46_11,,,3,1,4,3,1,4,21,0.091181,0.098625,0.000101,0.000283,0,1081,0.106791
6_54,,,3,1,4,3,1,4,3,0.5,0.583333,0,0.000442,0,909,0.097486
6_59,,,13,2,15,13,2,15,25,0.064811,0.070469,0.002448,0.001234,0,1081,0.39278
31_34,,,5,2,7,5,2,7,24,0.069294,0.076468,0.002616,0.000892,0,1081,0.286357
40_19,,,3,0,3,3,0,3,0,0,0,0,0.000765,0,88,0.161072
13_10,,,7,5,12,7,5,12,22,0.094867,0.107899,0.00352,0.000519,0,1081,0.215599
28_73,,,3,1,4,3,1,4,21,0.083815,0.092872,0.000591,0.00021,0,1081,0.087423
78_10,,,1,1,2,1,1,2,1,1,1,0.000014,0.000165,0,807,0.055315
78_11,,,1,0,1,1,0,1,0,0,0,0,0.000165,0,806,0.055315
6_61,,,3,7,10,3,7,10,22,0.088458,0.102885,0.002112,0.000345,0,1081,0.06829
50_17,,,2,0,2,2,0,2,0,0,0,0,0.000166,0,508,0.054576
50_18,,,3,4,7,3,4,7,23,0.088261,0.102255,0.002447,0.000524,0,1081,0.09556
82_10,,,4,0,4,4,0,4,0,0,0,0,0.000301,0,446,0.104281
82_11,,,3,0,3,3,0,3,0,0,0,0,0.000277,0,445,0.09841
82_12,,,3,0,3,3,0,3,0,0,0,0,0.000277,0,444,0.09841
6_62,,,4,4,8,4,4,8,23,0.077769,0.092652,0.000389,0.00033,0,1081,0.04407
18_47,,,8,10,18,8,10,18,25,0.075609,0.089305,0.003492,0.000452,0,1081,0.387356
18_49,,,10,6,16,10,6,16,27,0.067367,0.078935,0.004045,0.001808,0,1081,0.647536
56_49,,,4,0,4,4,0,4,0,0,0,0,0.000295,0,10,0.207387
56_50,,,4,3,7,4,3,7,24,0.078242,0.090494,0.001931,0.000295,0,1081,0.207387
6_63,,,0,3,3,0,3,3,2,0.714286,0.8,0,0.000113,0,1816,0
10_22,,,1,1,2,1,1,2,1,1,1,0,0.000145,0,1815,0.005871
27_63,,,1,2,3,1,2,3,1,1,1,0,0.000145,0,1814,0.005871
6_65,,,1,7,8,1,7,8,4,0.538462,0.696429,0.000001,0.000208,0,1819,0.005871
17_66,,,1,0,1,1,0,1,0,0,0,0,0.000138,0,1818,0.010387
17_69,,,1,0,1,1,0,1,0,0,0,0,0.000138,0,1817,0.010387
67_18,,,3,0,3,3,0,3,0,0,0,0,0.000912,0,60,0.27395
6_66,,,0,1,1,0,1,1,22,0.084663,0.097844,0,0.000113,0,1820,0
18_29,,,4,6,10,4,6,10,21,0.092441,0.112996,0.007128,0.000499,0,1081,0.085962
6_67,,,0,2,2,0,2,2,2,0.666667,0.75,0,0.000113,0,1823,0
13_38,,,1,2,3,1,2,3,1,1,1,0,0.000161,0,1822,0.005871
38_88,,,1,0,1,1,0,1,0,0,0,0,0.000161,0,1821,0.005871
74_38,,,5,0,5,5,0,5,0,0,0,0,0.000258,0,233,0.120817
74_39,,,5,0,5,5,0,5,0,0,0,0,0.000258,0,232,0.120817
6_71,,,1,3,4,1,3,4,19,0.099851,0.112324,0.003937,0.000693,0,1081,0.07422
16_37,,,2,6,8,2,6,8,18,0.110673,0.128278,0.005619,0.000331,0,1081,0.07789
39_37,,,1,0,1,1,0,1,0,0,0,0,0.000309,0,715,0.026964
14_48,,,5,1,6,5,1,6,1,1,1,0.000052,0.000399,0,148,0.221243
20_107,,,6,0,6,6,0,6,0,0,0,0,0.000293,0,5,0.343047
21_99,,,2,1,3,2,1,3,1,1,1,0.000001,0.000128,0,1174,0.046805
22_1,,,3,15,18,3,15,18,22,0.086684,0.110028,0.000222,0.000334,0,1172,0.068911
22_2,,,1,0,1,1,0,1,0,0,0,0,0.000119,0,1165,0.024105
27_87,,,3,3,6,3,3,6,21,0.091656,0.109968,0.000442,0.000185,0,1164,0.063907
36_59,,,5,5,10,5,5,10,24,0.076389,0.089698,0.0006,0.000258,0,1081,0.18096
36_61,,,4,0,4,4,0,4,0,0,0,0,0.000245,0,1015,0.09125
36_62,,,4,1,5,4,1,5,29,0.061778,0.070941,0.001364,0.000284,0,1081,0.09125
36_63,,,1,0,1,1,0,1,0,0,0,0,0.000119,0,1163,0.024105
38_15,,,2,0,2,2,0,2,0,0,0,0,0.000138,0,1162,0.058036
40_32,,,2,4,6,2,4,6,25,0.075229,0.089604,0.000115,0.000138,0,1161,0.058036
45_28,,,4,4,8,4,4,8,28,0.065799,0.078671,0.002039,0.000488,0,1081,0.106836
54_8,,,6,2,8,6,2,8,1,1,1,0.000155,0.000873,0,812,0.179928
79_6,,,2,2,4,2,2,4,1,1,1,0.000002,0.000138,0,1133,0.058036
79_7,,,2,0,2,2,0,2,0,0,0,0,0.000138,0,1130,0.058036
79_8,,,2,0,2,2,0,2,0,0,0,0,0.000138,0,1129,0.058036
6_74,,,0,9,9,0,9,9,23,0.082096,0.094603,0,0.000113,0,1831,0
19_41,,,1,0,1,1,0,1,0,0,0,0,0.000123,0,1830,0.005871
19_42,,,3,0,3,3,0,3,0,0,0,0,0.000251,0,1829,0.017613
19_43,,,1,0,1,1,0,1,0,0,0,0,0.000123,0,1828,0.005871
19_44,,,2,2,4,2,2,4,2,0.55,0.590909,0.000001,0.000132,0,1827,0.011742
19_45,,,1,1,2,1,1,2,1,1,1,0,0.000123,0,1826,0.005871
19_46,,,2,0,2,2,0,2,0,0,0,0,0.000201,0,976,0.049682
19_47,,,2,5,7,2,5,7,24,0.075321,0.082881,0.000387,0.000201,0,1081,0.049682
19_48,,,1,0,1,1,0,1,0,0,0,0,0.000123,0,1824,0.005871
7_185,,,1,0,1,1,0,1,0,0,0,0,0.00014,0,917,0.013484
10_101,,,6,2,8,6,2,8,21,0.093792,0.102155,0.002517,0.000546,0,1081,0.120639
34_9,,,2,4,6,2,4,6,2,0.833333,0.9,0.000174,0.000155,0,773,0.028304
21_51,,,2,1,3,2,1,3,22,0.085881,0.092475,0.000347,0.000263,0,1081,0.149047
21_52,,,1,0,1,1,0,1,0,0,0,0,0.000125,0,977,0.028114
11_53,,,3,0,3,3,0,3,0,0,0,0,0.000172,0,1477,0.022129
11_54,,,6,0,6,6,0,6,0,0,0,0,0.000238,0,1476,0.054974
11_55,,,6,0,6,6,0,6,0,0,0,0,0.000238,0,1475,0.054974
11_56,,,7,1,8,7,1,8,1,1,1,0.000079,0.000344,0,142,0.103913
6_81,,,2,2,4,2,2,4,1,1,1,0.000086,0.000251,0,970,0.042345
42_21,,,1,0,1,1,0,1,0,0,0,0,0.000219,0,969,0.024013
6_83,,,3,3,6,3,3,6,21,0.093909,0.103113,0.000553,0.000447,0,1081,0.069221
6_84,,,2,11,13,2,11,13,19,0.10168,0.120536,0.00016,0.000176,0,1849,0.020184
11_72,,,3,1,4,3,1,4,1,1,1,0,0.000202,0,1835,0.044216
11_73,,,3,0,3,3,0,3,0,0,0,0,0.000202,0,1833,0.044216
19_49,,,2,3,5,2,3,5,4,0.394737,0.488889,0,0.000149,0,383,0.097066
19_58,,,1,7,8,1,7,8,20,0.098182,0.113117,0.00004,0.000126,0,1849,0.017489
37_112,,,2,3,5,2,3,5,6,0.304,0.373684,0.000005,0.000158,0,1843,0.02336
57_26,,,1,0,1,1,0,1,0,0,0,0,0.000126,0,1832,0.017489
6_88,,,3,4,7,3,4,7,22,0.079921,0.087775,0.000601,0.000545,0,1081,0.105808
21_17,,,2,0,2,2,0,2,0,0,0,0,0.000498,0,693,0.103272
39_4,,,4,2,6,4,2,6,22,0.079837,0.086717,0.000428,0.000634,0,1081,0.156806
39_65,,,4,1,5,4,1,5,23,0.074009,0.079526,0.000106,0.00044,0,1081,0.08976
43_81,,,5,3,8,5,3,8,21,0.08675,0.095988,0.001662,0.000769,0,1081,0.25483
2_79,,,1,0,1,1,0,1,0,0,0,0,0.000165,0,581,0.044367
10_2,,,5,5,10,5,5,10,1,1,1,0.000252,0.000331,0,577,0.115306
17_94,,,3,8,11,3,8,11,19,0.105445,0.128038,0.001196,0.000205,0,1081,0.06997
6_92,,,2,5,7,2,5,7,17,0.116357,0.134278,0.000098,0.000155,0,1239,0.016258
6_93,,,5,5,10,5,5,10,22,0.079247,0.088895,0.000625,0.00053,0,1081,0.177036
5_28,,,1,0,1,1,0,1,0,0,0,0,0.000203,0,742,0.069177
8_31,,,1,2,3,1,2,3,29,0.054536,0.060425,0.000167,0.000203,0,1081,0.069177
8_50,,,3,1,4,3,1,4,23,0.073431,0.079909,0,0.000274,0,1081,0.101062
60_2,,,1,0,1,1,0,1,0,0,0,0,0.000203,0,739,0.069177
6_94,,,3,10,13,3,10,13,22,0.08951,0.11149,0.003358,0.00042,0,1081,0.101448
18_48,,,2,2,4,2,2,4,23,0.082597,0.091603,0.001023,0.000196,0,1081,0.048921
26_92,,,1,0,1,1,0,1,0,0,0,0,0.000148,0,462,0.04305
26_93,,,2,0,2,2,0,2,0,0,0,0,0.000208,0,461,0.055608
28_64,,,2,2,4,2,2,4,24,0.080342,0.096874,0.000757,0.000176,0,1081,0.091101
6_95,,,0,4,4,0,4,4,2,0.833333,0.9,0,0.000113,0,1850,0
6_96,,,9,14,23,9,14,23,19,0.106576,0.130495,0.009338,0.000605,0,1081,0.339537
10_5,,,5,6,11,5,6,11,20,0.102973,0.122332,0.003151,0.000504,0,1081,0.318576
36_37,,,3,2,5,3,2,5,20,0.095998,0.108435,0.000941,0.000302,0,1081,0.303832
36_38,,,4,3,7,4,3,7,20,0.099725,0.118463,0.002023,0.000321,0,1081,0.309703
91_3,,,2,1,3,2,1,3,1,1,1,0,0.000175,0,172,0.130436
91_4,,,4,0,4,4,0,4,0,0,0,0,0.000347,0,171,0.160487
92_1,,,5,0,5,5,0,5,0,0,0,0,0.000317,0,169,0.221109
92_2,,,5,0,5,5,0,5,0,0,0,0,0.000433,0,168,0.260863
93_1,,,4,0,4,4,0,4,0,0,0,0,0.000292,0,170,0.234234
93_2,,,4,3,7,4,3,7,20,0.096327,0.111467,0.007686,0.000292,0,1081,0.234234
6_98,,,0,1,1,0,1,1,2,0.6,0.666667,0,0.000113,0,1851,0
6_99,,,0,4,4,0,4,4,3,0.636364,0.761905,0,0.000113,0,1853,0
13_4,,,4,0,4,4,0,4,0,0,0,0,0.000446,0,349,0.051958
16_67,,,2,3,5,2,3,5,2,0.8,0.875,0,0.000145,0,1852,0.011742
6_100,,,0,11,11,0,11,11,19,0.092956,0.112592,0,0.000113,0,1858,0
4_118,,,1,0,1,1,0,1,0,0,0,0,0.000121,0,1857,0.005871
4_119,,,1,0,1,1,0,1,0,0,0,0,0.000121,0,1856,0.005871
37_95,,,4,0,4,4,0,4,0,0,0,0,0.000225,0,1855,0.023484
37_96,,,4,0,4,4,0,4,0,0,0,0,0.000225,0,1854,0.023484
6_103,,,2,7,9,2,7,9,23,0.084983,0.103351,0.000143,0.000175,0,1081,0.042363
75_22,,,3,0,3,3,0,3,0,0,0,0,0.000352,0,818,0.098212
75_23,,,3,2,5,3,2,5,3,0.5,0.595238,0.000389,0.000352,0,819,0.098212
83_15,,,4,2,6,4,2,6,4,0.388889,0.52381,0,0.000419,0,819,0.100907
6_104,,,0,2,2,0,2,2,21,0.087574,0.101249,0,0.000113,0,1859,0
17_15,,,10,10,20,10,10,20,20,0.095871,0.116733,0.003864,0.000488,0,1081,0.260105
6_105,,,0,15,15,0,15,15,16,0.121358,0.145276,0,0.000113,0,1870,0
22_53,,,1,0,1,1,0,1,0,0,0,0,0.000119,0,1869,0.005871
25_4,,,2,0,2,2,0,2,0,0,0,0,0.000151,0,1868,0.011742
25_5,,,7,1,8,7,1,8,1,1,1,0.000079,0.000364,0,741,0.095026
74_18,,,3,0,3,3,0,3,0,0,0,0,0.000143,0,1867,0.026645
74_19,,,3,0,3,3,0,3,0,0,0,0,0.000143,0,1866,0.026645
74_20,,,3,0,3,3,0,3,0,0,0,0,0.000143,0,1865,0.026645
74_21,,,3,0,3,3,0,3,0,0,0,0,0.000143,0,1864,0.026645
74_22,,,3,0,3,3,0,3,0,0,0,0,0.000143,0,1863,0.026645
74_23,,,3,0,3,3,0,3,0,0,0,0,0.000143,0,1862,0.026645
74_24,,,3,0,3,3,0,3,0,0,0,0,0.000143,0,1861,0.026645
74_25,,,2,1,3,2,1,3,1,1,1,0,0.000125,0,1860,0.011742
6_107,,,1,4,5,1,4,5,4,0.45,0.541667,0.000001,0.000161,0,1872,0.005871
42_48,,,1,4,5,1,4,5,3,0.515152,0.588235,0.000001,0.000147,0,1871,0.010387
35_14,,,5,4,9,5,4,9,28,0.061179,0.068286,0.000531,0.000552,0,1081,0.186911
39_56,,,2,0,2,2,0,2,0,0,0,0,0.000352,0,433,0.11215
39_57,,,2,0,2,2,0,2,0,0,0,0,0.000368,0,432,0.129509
39_58,,,1,2,3,1,2,3,26,0.069253,0.07903,0,0.000256,0,1081,0.106279
3_184,,,1,0,1,1,0,1,0,0,0,0,0.000185,0,932,0.050423
12_3,,,3,1,4,3,1,4,21,0.104045,0.120754,0.000889,0.00034,0,1081,0.088073
25_31,,,2,3,5,2,3,5,21,0.103852,0.117223,0.00086,0.0002,0,1081,0.076387
41_43,,,2,0,2,2,0,2,0,0,0,0,0.000281,0,926,0.056294
6_113,,,1,5,6,1,5,6,25,0.074142,0.08404,0.000482,0.000169,0,1081,0.033496
37_161,,,2,0,2,2,0,2,0,0,0,0,0.000299,0,930,0.053239
37_162,,,2,0,2,2,0,2,0,0,0,0,0.000299,0,929,0.053239
37_163,,,2,3,5,2,3,5,24,0.079987,0.091841,0.000794,0.000299,0,1081,0.053239
51_8,,,3,0,3,3,0,3,0,0,0,0,0.000274,0,928,0.050731
6_114,,,0,1,1,0,1,1,25,0.076026,0.084875,0,0.000113,0,1873,0
10_94,,,2,1,3,2,1,3,24,0.082234,0.093907,0.000305,0.000331,0,1081,0.033417
37_71,,,1,0,1,1,0,1,0,0,0,0,0.00134,0,340,0.173426
6_120,,,1,1,2,1,1,2,22,0.08401,0.091459,0,0.000168,0,1081,0.091188
7_33,,,4,2,6,4,2,6,21,0.091666,0.101746,0.004204,0.000655,0,1081,0.206418
6_118,,,1,0,1,1,0,1,0,0,0,0,0.000158,0,925,0.049533
6_122,,,3,9,12,3,9,12,21,0.089387,0.104221,0.000736,0.000584,0,1562,0.065748
11_24,,,2,8,10,2,8,10,20,0.084988,0.098081,0.000272,0.000208,0,1562,0.063514
35_19,,,2,0,2,2,0,2,0,0,0,0,0.00019,0,1561,0.063514
35_20,,,2,0,2,2,0,2,0,0,0,0,0.00019,0,1560,0.063514
35_21,,,2,0,2,2,0,2,0,0,0,0,0.00019,0,1559,0.063514
35_22,,,2,4,6,2,4,6,21,0.084798,0.096918,0.000044,0.00019,0,1562,0.063514
35_23,,,2,0,2,2,0,2,0,0,0,0,0.00019,0,1557,0.063514
67_22,,,2,5,7,2,5,7,4,0.529412,0.712963,0.000009,0.0002,0,1556,0.039873
6_123,,,2,11,13,2,11,13,18,0.108604,0.128868,0.000183,0.000196,0,1761,0.04993
16_25,,,4,1,5,4,1,5,1,1,1,0,0.002366,0,328,0.40289
17_16,,,2,2,4,2,2,4,19,0.100171,0.114417,0.000025,0.000148,0,1761,0.04993
29_13,,,5,1,6,5,1,6,1,1,1,0.000005,0.002389,0,328,0.423208
34_34,,,2,7,9,2,7,9,17,0.102791,0.119375,0.00013,0.000166,0,1761,0.040867
34_35,,,3,10,13,3,10,13,22,0.095591,0.108215,0.000433,0.000232,0,1081,0.135686
43_23,,,5,2,7,5,2,7,1,1,1,0.000111,0.00042,0,198,0.114814
71_22,,,2,1,3,2,1,3,27,0.065125,0.072333,0,0.000156,0,1758,0.038522
6_10,,,3,0,3,3,0,3,0,0,0,0,0.000225,0,226,0.162372
21_36,,,2,3,5,2,3,5,3,0.538462,0.666667,0.000219,0.000357,0,225,0.217824
25_41,,,3,2,5,3,2,5,3,0.538462,0.619048,0.000151,0.000355,0,225,0.220519
86_9,,,6,0,6,6,0,6,0,0,0,0,0.000625,0,65,0.405463
6_125,,,1,3,4,1,3,4,18,0.115229,0.131077,0.000102,0.000208,0,1877,0.005871
39_22,,,2,1,3,2,1,3,22,0.082095,0.091627,0.000133,0.00022,0,1876,0.024618
49_7,,,1,2,3,1,2,3,22,0.079083,0.087195,0.000009,0.000172,0,1875,0.010387
6_128,,,1,4,5,1,4,5,30,0.058403,0.067664,0.001245,0.000248,0,1081,0.037392
11_107,,,3,3,6,3,3,6,31,0.055192,0.062768,0.001316,0.000478,0,1081,0.075013
6_129,,,0,1,1,0,1,1,26,0.080344,0.091243,0,0.000113,0,1878,0
43_36,,,5,3,8,5,3,8,25,0.087312,0.102771,0.002319,0.000643,0,1081,0.102949
46_29,,,2,15,17,2,15,17,19,0.130546,0.163494,0.005755,0.000379,0,1081,0.104454
46_30,,,3,2,5,3,2,5,25,0.076075,0.085395,0.000209,0.000161,0,1081,0.098367
46_31,,,1,5,6,1,5,6,2,0.727273,0.8125,0.000436,0.000133,0,368,0.069709
46_32,,,1,0,1,1,0,1,0,0,0,0,0.000133,0,363,0.069709
55_19,,,2,1,3,2,1,3,7,0.211111,0.282206,0.000922,0.000212,0,362,0.095009
55_20,,,2,0,2,2,0,2,0,0,0,0,0.000212,0,346,0.095009
55_22,,,4,2,6,4,2,6,19,0.112411,0.131743,0.000388,0.000253,0,1081,0.143336
55_31,,,1,0,1,1,0,1,0,0,0,0,0.000133,0,344,0.069709
55_32,,,1,0,1,1,0,1,0,0,0,0,0.000133,0,343,0.069709
6_131,,,0,6,6,0,6,6,20,0.095379,0.11189,0,0.000113,0,1879,0
35_24,,,3,2,5,3,2,5,20,0.085022,0.094437,0.000362,0.000208,0,1558,0.052773
67_8,,,6,0,6,6,0,6,0,0,0,0,0.000342,0,193,0.308392
67_9,,,5,2,7,5,2,7,20,0.089635,0.103821,0.001256,0.000271,0,1081,0.316848
7_38,,,11,9,20,11,9,20,25,0.074825,0.089927,0.007124,0.001767,0,1081,0.429132
16_88,,,6,2,8,6,2,8,26,0.069624,0.079553,0.003133,0.000702,0,1081,0.2525
6_133,,,2,6,8,2,6,8,19,0.106211,0.119965,0.001381,0.000194,0,1081,0.092215
35_15,,,2,0,2,2,0,2,0,0,0,0,0.000155,0,679,0.080163
35_16,,,3,0,3,3,0,3,0,0,0,0,0.000175,0,678,0.086034
35_17,,,3,0,3,3,0,3,0,0,0,0,0.000175,0,677,0.086034
6_135,,,0,9,9,0,9,9,24,0.074604,0.087353,0,0.000113,0,1882,0
11_121,,,2,0,2,2,0,2,0,0,0,0,0.000171,0,1881,0.011742
11_122,,,2,0,2,2,0,2,0,0,0,0,0.000171,0,1880,0.011742
14_13,,,2,11,13,2,11,13,23,0.080098,0.092628,0.002783,0.000208,0,1081,0.101837
14_14,,,3,6,9,3,6,9,2,0.875,0.928571,0.000442,0.000561,0,19,0.15245
21_105,,,4,3,7,4,3,7,4,0.393939,0.512821,0.000129,0.000201,0,35,0.053801
16_57,,,1,6,7,1,6,7,3,0.46875,0.611111,0.000005,0.000229,0,1775,0.030863
43_15,,,1,3,4,1,3,4,5,0.278689,0.393137,0,0.000229,0,1776,0.030863
6_137,,,0,4,4,0,4,4,2,0.833333,0.9,0,0.000113,0,1888,0
16_58,,,2,0,2,2,0,2,0,0,0,0,0.000169,0,1887,0.011742
16_59,,,1,1,2,1,1,2,1,1,1,0,0.000137,0,1886,0.005871
81_8,,,1,0,1,1,0,1,0,0,0,0,0.000137,0,1884,0.005871
81_9,,,1,0,1,1,0,1,0,0,0,0,0.000137,0,1883,0.005871
6_138,,,0,2,2,0,2,2,6,0.235294,0.318333,0,0.000113,0,1890,0
10_59,,,1,1,2,1,1,2,5,0.276923,0.343519,0.000001,0.000161,0,1889,0.005871
6_139,,,1,2,3,1,2,3,2,0.625,0.7,0.000173,0.0002,0,872,0.027396
16_116,,,1,3,4,1,3,4,1,1,1,0.000016,0.000198,0,871,0.016438
16_117,,,1,0,1,1,0,1,0,0,0,0,0.000198,0,870,0.016438
6_140,,,0,2,2,0,2,2,1,1,1,0,0.000113,0,1891,0
68_18,,,1,0,1,1,0,1,0,0,0,0,0.000121,0,1655,0.022787
68_19,,,2,0,2,2,0,2,0,0,0,0,0.000165,0,1372,0.042602
68_20,,,2,0,2,2,0,2,0,0,0,0,0.000165,0,1371,0.042602
68_21,,,1,0,1,1,0,1,0,0,0,0,0.000121,0,1654,0.022787
68_22,,,1,0,1,1,0,1,0,0,0,0,0.000121,0,1653,0.022787
68_25,,,1,0,1,1,0,1,0,0,0,0,0.000121,0,1652,0.022787
68_26,,,1,0,1,1,0,1,0,0,0,0,0.000121,0,1651,0.022787
68_27,,,1,0,1,1,0,1,0,0,0,0,0.000121,0,1650,0.022787
68_28,,,1,0,1,1,0,1,0,0,0,0,0.000121,0,1649,0.022787
68_29,,,1,0,1,1,0,1,0,0,0,0,0.000121,0,1648,0.022787
68_30,,,1,0,1,1,0,1,0,0,0,0,0.000121,0,1647,0.022787
68_31,,,1,0,1,1,0,1,0,0,0,0,0.000121,0,1646,0.022787
68_32,,,1,0,1,1,0,1,0,0,0,0,0.000121,0,1645,0.022787
68_33,,,1,0,1,1,0,1,0,0,0,0,0.000121,0,1644,0.022787
6_142,,,0,11,11,0,11,11,22,0.075758,0.093568,0,0.000113,0,1904,0
7_27,,,2,1,3,2,1,3,22,0.074985,0.086103,0.000208,0.000195,0,1903,0.017942
16_66,,,1,5,6,1,5,6,1,1,1,0,0.000121,0,1902,0.005871
16_80,,,1,1,2,1,1,2,1,1,1,0,0.000121,0,1896,0.005871
36_71,,,4,0,4,4,0,4,0,0,0,0,0.00018,0,1895,0.043545
36_72,,,6,0,6,6,0,6,0,0,0,0,0.000318,0,1779,0.07594
40_79,,,2,1,3,2,1,3,1,1,1,0,0.000132,0,1894,0.018429
40_80,,,2,0,2,2,0,2,0,0,0,0,0.000132,0,1893,0.018429
40_81,,,2,0,2,2,0,2,0,0,0,0,0.000132,0,1892,0.018429
6_143,,,2,2,4,2,2,4,3,0.444444,0.513889,0.000253,0.000206,0,873,0.053692
6_147,,,1,8,9,1,8,9,20,0.102084,0.120834,0.002474,0.000133,0,1081,0.069423
13_6,,,5,14,19,5,14,19,20,0.103883,0.126283,0.012716,0.000338,0,1081,0.196746
15_49,,,5,0,5,5,0,5,0,0,0,0,0.000237,0,156,0.260578
15_50,,,5,0,5,5,0,5,0,0,0,0,0.000237,0,155,0.260578
85_12,,,3,0,3,3,0,3,0,0,0,0,0.000168,0,746,0.042928
85_13,,,3,0,3,3,0,3,0,0,0,0,0.000168,0,745,0.042928
85_14,,,1,0,1,1,0,1,0,0,0,0,0.000127,0,744,0.02667
6_148,,,0,2,2,0,2,2,5,0.342466,0.401333,0,0.000113,0,1906,0
43_20,,,1,2,3,1,2,3,2,0.625,0.7,0,0.000161,0,1905,0.005871
6_149,,,1,4,5,1,4,5,25,0.07252,0.084471,0.000032,0.000204,0,1907,0.012071
11_118,,,5,1,6,5,1,6,26,0.06762,0.076817,0,0.000359,0,1794,0.116001
17_31,,,2,1,3,2,1,3,21,0.097757,0.109993,0.000058,0.000216,0,1081,0.097059
31_15,,,1,0,1,1,0,1,0,0,0,0,0.000168,0,714,0.091188
83_1,,,2,0,2,2,0,2,0,0,0,0,0.000156,0,801,0.038517
83_2,,,2,3,5,2,3,5,26,0.063583,0.071524,0.000336,0.000156,0,1081,0.038517
83_3,,,2,0,2,2,0,2,0,0,0,0,0.000156,0,797,0.038517
83_4,,,2,0,2,2,0,2,0,0,0,0,0.000156,0,796,0.038517
83_5,,,2,0,2,2,0,2,0,0,0,0,0.000156,0,795,0.038517
83_6,,,2,0,2,2,0,2,0,0,0,0,0.000156,0,794,0.038517
42_13,,,4,3,7,4,3,7,23,0.076828,0.084705,0.000953,0.000674,0,1081,0.136388
7_144,,,4,0,4,4,0,4,0,0,0,0,0.000379,0,1237,0.04257
7_145,,,3,1,4,3,1,4,5,0.346154,0.42037,0.000005,0.00038,0,1236,0.040728
9_69,,,1,0,1,1,0,1,0,0,0,0,0.000122,0,1227,0.01827
28_48,,,1,2,3,1,2,3,2,0.75,0.833333,0.000001,0.000122,0,1226,0.01827
32_24,,,1,2,3,1,2,3,1,1,1,0.000001,0.000122,0,1222,0.01827
46_12,,,1,0,1,1,0,1,0,0,0,0,0.000122,0,1220,0.01827
55_60,,,5,1,6,5,1,6,3,0.444444,0.541667,0.000002,0.000596,0,817,0.109703
6_156,,,4,1,5,4,1,5,23,0.077496,0.085269,0.000203,0.000262,0,1081,0.113087
6_157,,,4,5,9,4,5,9,23,0.072716,0.083075,0.000163,0.000262,0,1081,0.113087
6_26,,,2,0,2,2,0,2,0,0,0,0,0.000456,0,342,0.136803
35_42,,,3,6,9,3,6,9,22,0.07424,0.084067,0.000367,0.000223,0,1081,0.08666
75_31,,,5,0,5,5,0,5,0,0,0,0,0.000325,0,559,0.105156
75_32,,,5,0,5,5,0,5,0,0,0,0,0.000325,0,558,0.105156
47_18,,,1,7,8,1,7,8,20,0.093269,0.107794,0.001486,0.000187,0,1081,0.028114
6_159,,,1,1,2,1,1,2,24,0.071385,0.077175,0.000101,0.000208,0,1908,0.005871
27_89,,,1,3,4,1,3,4,1,1,1,0.000193,0.00036,0,525,0.05075
6_162,,,2,1,3,2,1,3,18,0.122392,0.133102,0.000011,0.000202,0,1924,0.029793
108_2,,,1,3,4,1,3,4,17,0.13945,0.156718,0.000119,0.000285,0,1924,0.020263
6_163,,,2,12,14,2,12,14,16,0.15226,0.178466,0.000198,0.000202,0,1924,0.029793
10_72,,,1,12,13,1,12,13,17,0.14688,0.172065,0.000021,0.000127,0,1924,0.020263
10_84,,,3,6,9,3,6,9,18,0.13377,0.155075,0.000277,0.000159,0,1922,0.045547
10_85,,,1,0,1,1,0,1,0,0,0,0,0.000127,0,1921,0.020263
10_86,,,1,0,1,1,0,1,0,0,0,0,0.000127,0,1920,0.020263
12_101,,,3,5,8,3,5,8,26,0.075536,0.089017,0.000027,0.00016,0,1919,0.05283
6_164,,,0,11,11,0,11,11,18,0.135493,0.16045,0,0.000113,0,1927,0
20_112,,,2,0,2,2,0,2,0,0,0,0,0.000299,0,1926,0.016258
34_25,,,1,7,8,1,7,8,19,0.102606,0.117225,0.000008,0.000121,0,1925,0.005871
52_21,,,4,4,8,4,4,8,1,1,1,0.000277,0.000392,0,234,0.142142
7_129,,,4,0,4,4,0,4,0,0,0,0,0.000381,0,32,0.1149
7_3,,,0,3,3,0,3,3,24,0.069428,0.077712,0,0.000113,0,1928,0
7_4,,,0,8,8,0,8,8,20,0.095669,0.111371,0,0.000113,0,1934,0
7_97,,,3,0,3,3,0,3,0,0,0,0,0.0002,0,1931,0.026645
7_98,,,3,0,3,3,0,3,0,0,0,0,0.0002,0,1930,0.026645
16_45,,,2,2,4,2,2,4,5,0.344828,0.461667,0.000001,0.000141,0,1933,0.011742
16_46,,,2,2,4,2,2,4,1,1,1,0,0.000141,0,1932,0.011742
16_47,,,2,2,4,2,2,4,1,1,1,0,0.000141,0,1929,0.011742
28_58,,,2,2,4,2,2,4,19,0.101577,0.116129,0.000164,0.000152,0,1081,0.020866
7_5,,,0,5,5,0,5,5,25,0.068948,0.075371,0,0.000113,0,1940,0
21_11,,,1,2,3,1,2,3,24,0.073841,0.079526,0.000101,0.000132,0,1939,0.005871
21_12,,,2,0,2,2,0,2,0,0,0,0,0.00019,0,1938,0.016258
21_13,,,2,0,2,2,0,2,0,0,0,0,0.00019,0,1937,0.016258
21_14,,,1,0,1,1,0,1,0,0,0,0,0.000132,0,1936,0.005871
21_15,,,1,0,1,1,0,1,0,0,0,0,0.000132,0,1935,0.005871
28_65,,,1,0,1,1,0,1,0,0,0,0,0.000225,0,1039,0.037455
7_7,,,0,1,1,0,1,1,26,0.060899,0.065427,0,0.000113,0,1941,0
7_8,,,0,9,9,0,9,9,26,0.068612,0.07885,0,0.000113,0,1951,0
23_102,,,2,0,2,2,0,2,0,0,0,0,0.000155,0,1950,0.011742
23_103,,,2,0,2,2,0,2,0,0,0,0,0.000155,0,1949,0.011742
101_6,,,1,0,1,1,0,1,0,0,0,0,0.000123,0,1948,0.005871
101_7,,,1,0,1,1,0,1,0,0,0,0,0.000123,0,1947,0.005871
101_8,,,1,0,1,1,0,1,0,0,0,0,0.000123,0,1946,0.005871
101_9,,,1,1,2,1,1,2,1,1,1,0,0.000123,0,1945,0.005871
101_10,,,1,0,1,1,0,1,0,0,0,0,0.000123,0,1943,0.005871
101_11,,,1,0,1,1,0,1,0,0,0,0,0.000123,0,1942,0.005871
7_9,,,0,3,3,0,3,3,27,0.066002,0.075603,0,0.000113,0,1953,0
18_105,,,1,0,1,1,0,1,0,0,0,0,0.000145,0,1952,0.005871
7_10,,,0,1,1,0,1,1,1,1,1,0,0.000113,0,1954,0
7_11,,,1,6,7,1,6,7,24,0.078175,0.088202,0.001921,0.000277,0,1081,0.043565
15_28,,,3,0,3,3,0,3,0,0,0,0,0.000313,0,652,0.069246
15_29,,,2,0,2,2,0,2,0,0,0,0,0.000217,0,651,0.063375
23_12,,,4,1,5,4,1,5,1,1,1,0.000079,0.000258,0,649,0.09437
23_13,,,4,6,10,4,6,10,1,1,1,0.000378,0.000258,0,647,0.09437
7_12,,,4,2,6,4,2,6,25,0.072613,0.079833,0.001978,0.000387,0,1081,0.084612
7_17,,,1,2,3,1,2,3,2,0.75,0.833333,0.000079,0.000262,0,589,0.072282
34_20,,,2,2,4,2,2,4,2,0.75,0.833333,0.000236,0.000351,0,589,0.243627
34_21,,,1,0,1,1,0,1,0,0,0,0,0.000224,0,588,0.024788
7_18,,,0,3,3,0,3,3,25,0.080539,0.091009,0,0.000113,0,1961,0
17_63,,,2,0,2,2,0,2,0,0,0,0,0.000192,0,1960,0.011742
17_64,,,1,4,5,1,4,5,24,0.087443,0.100959,0.000101,0.000145,0,1959,0.005871
17_65,,,2,0,2,2,0,2,0,0,0,0,0.000233,0,1955,0.016258
7_20,,,0,3,3,0,3,3,16,0.106944,0.11988,0,0.000113,0,1965,0
20_120,,,1,2,3,1,2,3,24,0.065309,0.072471,0.000007,0.000145,0,1964,0.005871
7_22,,,1,2,3,1,2,3,23,0.069829,0.078702,0.000107,0.000174,0,1963,0.010387
7_21,,,2,0,2,2,0,2,0,0,0,0,0.000248,0,1962,0.022458
7_24,,,0,1,1,0,1,1,28,0.060701,0.065365,0,0.000113,0,1966,0
7_25,,,1,1,2,1,1,2,23,0.079826,0.091217,0,0.000251,0,1967,0.012558
20_55,,,1,2,3,1,2,3,22,0.086746,0.103118,0.000101,0.000326,0,1967,0.012558
7_29,,,1,1,2,1,1,2,2,0.6,0.666667,0.000175,0.000157,0,208,0.03586
21_104,,,1,2,3,1,2,3,1,1,1,0.000097,0.000246,0,207,0.01682
7_30,,,0,4,4,0,4,4,22,0.090862,0.102281,0,0.000113,0,1969,0
20_50,,,4,2,6,4,2,6,1,1,1,0.000036,0.00051,0,624,0.140931
64_2,,,1,0,1,1,0,1,0,0,0,0,0.000137,0,1968,0.005871
7_37,,,0,4,4,0,4,4,1,1,1,0,0.000113,0,1970,0
33_66,,,3,4,7,3,4,7,2,0.7,0.785714,0.00029,0.000342,0,327,0.177186
33_67,,,4,0,4,4,0,4,0,0,0,0,0.000394,0,323,0.197545
33_68,,,4,0,4,4,0,4,0,0,0,0,0.000394,0,322,0.197545
7_39,,,2,3,5,2,3,5,27,0.065139,0.073195,0,0.00017,0,1971,0.011742
7_40,,,1,1,2,1,1,2,21,0.083313,0.089853,0,0.00021,0,1081,0.096695
39_73,,,2,0,2,2,0,2,0,0,0,0,0.000768,0,518,0.099069
7_44,,,2,8,10,2,8,10,3,0.666667,0.805556,0.000017,0.000174,0,1160,0.034224
37_55,,,1,0,1,1,0,1,0,0,0,0,0.000131,0,1159,0.021114
37_56,,,1,0,1,1,0,1,0,0,0,0,0.000131,0,1158,0.021114
37_57,,,2,1,3,2,1,3,2,0.666667,0.75,0.000002,0.000212,0,1157,0.04387
37_58,,,1,1,2,1,1,2,2,0.666667,0.75,0.000003,0.000131,0,1156,0.021114
37_59,,,1,0,1,1,0,1,0,0,0,0,0.000131,0,1154,0.021114
52_14,,,9,0,9,9,0,9,0,0,0,0,0.000413,0,123,0.105205
52_16,,,6,0,6,6,0,6,0,0,0,0,0.000236,0,448,0.079879
7_46,,,1,1,2,1,1,2,22,0.080201,0.089644,0,0.000202,0,1081,0.052891
7_47,,,0,3,3,0,3,3,1,1,1,0,0.000113,0,1972,0
7_51,,,2,4,6,2,4,6,1,1,1,0.000002,0.000298,0,1281,0.030798
20_52,,,1,0,1,1,0,1,0,0,0,0,0.000176,0,1280,0.020562
20_126,,,1,1,2,1,1,2,2,0.571429,0.625,0,0.000176,0,1281,0.020562
45_34,,,3,0,3,3,0,3,0,0,0,0,0.000422,0,1036,0.053279
7_52,,,0,4,4,0,4,4,21,0.094966,0.113412,0,0.000113,0,1974,0
7_2,,,1,0,1,1,0,1,0,0,0,0,0.000137,0,1973,0.005871
25_61,,,4,5,9,4,5,9,21,0.094051,0.110528,0.002027,0.000489,0,1081,0.20965
36_39,,,2,3,5,2,3,5,20,0.099071,0.11441,0.002028,0.000323,0,1081,0.261065
42_11,,,2,0,2,2,0,2,0,0,0,0,0.001338,0,90,0.279213
7_55,,,0,2,2,0,2,2,21,0.094768,0.103377,0,0.000113,0,1977,0
7_205,,,1,3,4,1,3,4,20,0.104569,0.116284,0.000101,0.000161,0,1976,0.005871
19_3,,,1,0,1,1,0,1,0,0,0,0,0.000161,0,1975,0.005871
7_56,,,1,2,3,1,2,3,24,0.082398,0.095258,0.001636,0.000154,0,1081,0.099656
7_57,,,3,4,7,3,4,7,2,0.833333,0.9,0.000001,0.000354,0,1980,0.022129
30_46,,,1,0,1,1,0,1,0,0,0,0,0.000188,0,1979,0.021103
30_50,,,2,0,2,2,0,2,0,0,0,0,0.00022,0,1978,0.026974
42_28,,,3,1,4,3,1,4,1,1,1,0.000001,0.0003,0,1751,0.047007
7_58,,,0,1,1,0,1,1,1,1,1,0,0.000113,9,1982,0
3_37,,,2,0,2,2,0,2,0,0,0,0,0.000304,9,1981,0.011742
7_60,,,0,2,2,0,2,2,22,0.08365,0.089693,0,0.000113,0,1984,0
83_32,,,1,0,1,1,0,1,0,0,0,0,0.000161,0,1983,0.005871
7_64,,,0,4,4,0,4,4,26,0.06828,0.079336,0,0.000113,0,1989,0
29_15,,,1,9,10,1,9,10,25,0.073138,0.087652,0.000101,0.000137,0,1988,0.005871
71_25,,,1,0,1,1,0,1,0,0,0,0,0.000137,0,1985,0.005871
7_65,,,0,4,4,0,4,4,4,0.461538,0.597222,0,0.000113,0,1998,0
41_15,,,3,1,4,3,1,4,1,1,1,0,0.000219,0,1991,0.032845
89_6,,,3,2,5,3,2,5,3,0.5,0.633333,0,0.000168,0,1997,0.022129
89_7,,,3,2,5,3,2,5,2,0.666667,0.75,0,0.000168,0,1992,0.022129
89_8,,,3,0,3,3,0,3,0,0,0,0,0.000168,0,1990,0.022129
7_66,,,0,1,1,0,1,1,1,1,1,0,0.000113,0,1999,0
38_5,,,3,0,3,3,0,3,0,0,0,0,0.000297,0,573,0.065229
7_69,,,2,1,3,2,1,3,1,1,1,0.000001,0.000351,0,1231,0.035526
7_70,,,0,1,1,0,1,1,22,0.084131,0.091258,0,0.000113,0,2000,0
8_32,,,12,6,18,12,6,18,21,0.091807,0.102316,0.005511,0.002454,0,1081,0.615446
7_72,,,0,14,14,0,14,14,3,0.782609,0.87963,0,0.000113,0,2009,0
11_58,,,1,0,1,1,0,1,0,0,0,0,0.00012,0,2008,0.005871
26_128,,,1,0,1,1,0,1,0,0,0,0,0.00012,0,2007,0.005871
26_129,,,1,0,1,1,0,1,0,0,0,0,0.00012,0,2006,0.005871
26_130,,,1,0,1,1,0,1,0,0,0,0,0.00012,0,2005,0.005871
26_131,,,1,0,1,1,0,1,0,0,0,0,0.00012,0,2004,0.005871
46_24,,,1,0,1,1,0,1,0,0,0,0,0.00012,0,2003,0.005871
46_25,,,4,1,5,4,1,5,1,1,1,0,0.000185,0,2002,0.023484
69_6,,,4,0,4,4,0,4,0,0,0,0,0.000264,0,1994,0.043442
69_7,,,5,1,6,5,1,6,2,0.6,0.666667,0.000001,0.000335,0,1996,0.064545
69_8,,,2,0,2,2,0,2,0,0,0,0,0.000191,0,1993,0.026974
7_73,,,0,4,4,0,4,4,2,0.7,0.785714,0,0.000113,0,2012,0
26_155,,,2,0,2,2,0,2,0,0,0,0,0.000253,0,2010,0.016258
54_28,,,1,1,2,1,1,2,1,1,1,0,0.000137,0,2011,0.005871
7_77,,,0,8,8,0,8,8,19,0.092969,0.106916,0,0.000113,0,2020,0
11_65,,,4,0,4,4,0,4,0,0,0,0,0.000401,0,900,0.096317
27_48,,,1,2,3,1,2,3,1,1,1,0,0.000125,0,2019,0.005871
27_49,,,2,0,2,2,0,2,0,0,0,0,0.000149,0,2017,0.011742
27_50,,,4,0,4,4,0,4,0,0,0,0,0.000263,0,2016,0.023484
27_51,,,3,1,4,3,1,4,1,1,1,0,0.000168,0,2015,0.017613
27_52,,,3,0,3,3,0,3,0,0,0,0,0.000178,0,2014,0.028329
91_14,,,1,0,1,1,0,1,0,0,0,0,0.000125,0,2013,0.005871
7_81,,,0,2,2,0,2,2,1,1,1,0,0.000113,0,2022,0
11_79,,,2,0,2,2,0,2,0,0,0,0,0.000243,0,2021,0.018347
15_71,,,3,0,3,3,0,3,0,0,0,0,0.000275,0,1091,0.035856
7_83,,,0,2,2,0,2,2,1,1,1,0,0.000113,10,2025,0
51_35,,,1,0,1,1,0,1,0,0,0,0,0.000161,10,2024,0.005871
51_36,,,1,0,1,1,0,1,0,0,0,0,0.000161,10,2023,0.005871
7_84,,,1,2,3,1,2,3,3,0.545455,0.638889,0,0.000196,0,2026,0.012558
11_82,,,2,3,5,2,3,5,2,0.8,0.875,0.000003,0.000278,0,1251,0.046495
11_83,,,1,2,3,1,2,3,4,0.428571,0.569444,0,0.000196,0,2026,0.012558
7_85,,,0,7,7,0,7,7,27,0.059867,0.068072,0,0.000113,0,2028,0
28_23,,,3,0,3,3,0,3,0,0,0,0,0.00014,0,2027,0.017613
7_91,,,0,4,4,0,4,4,21,0.089628,0.099749,0,0.000113,0,2029,0
11_87,,,3,0,3,3,0,3,0,0,0,0,0.000259,0,1323,0.040551
11_94,,,3,3,6,3,3,6,21,0.089581,0.099232,0.000427,0.000268,0,1756,0.053804
26_187,,,4,3,7,4,3,7,20,0.098193,0.110656,0.005508,0.000579,0,1081,0.23119
26_189,,,2,3,5,2,3,5,22,0.082232,0.089589,0.000001,0.000212,0,1756,0.035886
10_98,,,4,5,9,4,5,9,23,0.092123,0.107,0.000681,0.000393,0,1081,0.083443
37_148,,,2,1,3,2,1,3,24,0.084356,0.094491,0,0.000218,0,1081,0.056647
7_100,,,0,14,14,0,14,14,21,0.094702,0.118119,0,0.000113,0,2038,0
6_6,,,1,0,1,1,0,1,0,0,0,0,0.00012,0,2037,0.005871
14_44,,,7,9,16,7,9,16,22,0.09233,0.115783,0.000744,0.000299,0,1148,0.124279
14_45,,,1,1,2,1,1,2,23,0.082028,0.089765,0.00002,0.00012,0,2036,0.005871
19_98,,,2,0,2,2,0,2,0,0,0,0,0.000148,0,2031,0.022458
20_128,,,1,2,3,1,2,3,25,0.068892,0.074253,0,0.00012,0,2034,0.005871
32_26,,,2,5,7,2,5,7,24,0.073944,0.081094,0.000101,0.00017,0,2033,0.016258
34_45,,,1,2,3,1,2,3,1,1,1,0,0.00012,0,2030,0.005871
46_26,,,4,0,4,4,0,4,0,0,0,0,0.000274,0,547,0.056049
7_101,,,0,9,9,0,9,9,18,0.106174,0.128295,0,0.000113,0,2041,0
11_100,,,2,0,2,2,0,2,0,0,0,0,0.000177,0,2040,0.025116
11_101,,,3,0,3,3,0,3,0,0,0,0,0.00021,0,2039,0.023813
7_103,,,0,1,1,0,1,1,1,1,1,0,0.000113,0,2042,0
7_108,,,0,2,2,0,2,2,22,0.083628,0.091284,0,0.000113,0,2044,0
26_18,,,1,0,1,1,0,1,0,0,0,0,0.000161,0,2043,0.005871
27_12,,,2,1,3,2,1,3,21,0.091155,0.100867,0.000101,0.000223,0,1374,0.027794
7_110,,,0,1,1,0,1,1,3,0.4,0.458333,0,0.000113,0,2045,0
28_6,,,4,2,6,4,2,6,2,0.583333,0.642857,0.00006,0.000485,0,30,0.163923
7_111,,,0,4,4,0,4,4,4,0.4375,0.553571,0,0.000113,0,2053,0
20_57,,,1,0,1,1,0,1,0,0,0,0,0.000137,0,2052,0.005871
20_58,,,1,0,1,1,0,1,0,0,0,0,0.000137,0,2051,0.005871
20_59,,,1,0,1,1,0,1,0,0,0,0,0.000137,0,2050,0.005871
20_60,,,1,3,4,1,3,4,3,0.555556,0.633333,0.000001,0.000137,0,2049,0.005871
7_115,,,1,1,2,1,1,2,1,1,1,0,0.000116,0,2054,0.005871
20_65,,,4,0,4,4,0,4,0,0,0,0,0.000323,0,1421,0.065361
20_67,,,3,0,3,3,0,3,0,0,0,0,0.000189,0,1420,0.054973
20_68,,,3,0,3,3,0,3,0,0,0,0,0.000189,0,1419,0.054973
20_69,,,3,0,3,3,0,3,0,0,0,0,0.000189,0,1418,0.054973
7_123,,,3,3,6,3,3,6,33,0.047381,0.052398,0.000404,0.000569,0,1619,0.047536
43_54,,,3,0,3,3,0,3,0,0,0,0,0.000463,0,707,0.152194
7_124,,,0,1,1,0,1,1,35,0.043304,0.046583,0,0.000113,0,2055,0
7_126,,,2,4,6,2,4,6,4,0.441176,0.555556,0.000005,0.000149,0,1918,0.044768
20_72,,,1,0,1,1,0,1,0,0,0,0,0.000144,0,1917,0.024866
20_73,,,1,0,1,1,0,1,0,0,0,0,0.000144,0,1916,0.024866
20_74,,,2,5,7,2,5,7,3,0.578947,0.69697,0.000042,0.000204,0,687,0.112723
20_75,,,1,0,1,1,0,1,0,0,0,0,0.000144,0,1915,0.024866
7_133,,,2,4,6,2,4,6,28,0.05949,0.067118,0.000133,0.000207,0,1373,0.027794
7_137,,,5,6,11,5,6,11,2,0.875,0.928571,0.000426,0.000575,0,30,0.181947
28_5,,,3,0,3,3,0,3,0,0,0,0,0.00039,0,26,0.158052
44_25,,,2,0,2,2,0,2,0,0,0,0,0.000254,0,29,0.106327
44_26,,,2,0,2,2,0,2,0,0,0,0,0.000254,0,28,0.106327
44_27,,,1,0,1,1,0,1,0,0,0,0,0.000194,0,27,0.067271
44_28,,,1,2,3,1,2,3,2,0.583333,0.642857,0.000018,0.000194,0,30,0.067271
20_80,,,1,1,2,1,1,2,4,0.307692,0.385417,0.000313,0.000296,0,947,0.040654
39_68,,,2,6,8,2,6,8,21,0.092367,0.113179,0.001211,0.000161,0,1081,0.06399
75_24,,,1,0,1,1,0,1,0,0,0,0,0.000153,0,820,0.027634
7_146,,,0,4,4,0,4,4,21,0.101683,0.11665,0,0.000113,0,2056,0
20_85,,,1,1,2,1,1,2,6,0.277778,0.353333,0.000001,0.000158,0,1406,0.010387
20_88,,,2,0,2,2,0,2,0,0,0,0,0.000257,0,1405,0.020774
20_89,,,1,0,1,1,0,1,0,0,0,0,0.000158,0,1404,0.010387
7_150,,,0,4,4,0,4,4,27,0.074831,0.083282,0,0.000113,0,2061,0
20_90,,,2,0,2,2,0,2,0,0,0,0,0.00014,0,2060,0.011742
20_92,,,1,0,1,1,0,1,0,0,0,0,0.000137,0,2059,0.005871
20_93,,,1,1,2,1,1,2,26,0.080698,0.089687,0.000101,0.000137,0,2058,0.005871
20_94,,,1,0,1,1,0,1,0,0,0,0,0.000137,0,2057,0.005871
7_152,,,0,1,1,0,1,1,2,0.666667,0.75,0,0.000113,0,2062,0
17_104,,,2,3,5,2,3,5,22,0.083823,0.096662,0.001353,0.000285,0,1081,0.095537
72_11,,,1,0,1,1,0,1,0,0,0,0,0.000257,0,1346,0.025444
7_169,,,0,2,2,0,2,2,23,0.083154,0.094837,0,0.000113,0,2064,0
3_187,,,1,0,1,1,0,1,0,0,0,0,0.000161,0,2063,0.005871
17_51,,,2,3,5,2,3,5,2,0.714286,0.8,0.000001,0.000277,0,1365,0.02336
7_102,,,1,0,1,1,0,1,0,0,0,0,0.000146,0,978,0.03252
33_7,,,3,2,5,3,2,5,24,0.071355,0.077315,0.000089,0.000415,0,1081,0.099102
53_56,,,3,1,4,3,1,4,24,0.073671,0.078517,0.00127,0.000195,0,1081,0.15677
7_176,,,0,3,3,0,3,3,22,0.088412,0.099313,0,0.000113,0,2065,0
9_80,,,2,1,3,2,1,3,1,1,1,0.000079,0.000279,0,952,0.041731
7_179,,,3,7,10,3,7,10,23,0.086539,0.10195,0.001699,0.000456,0,1081,0.069075
43_37,,,2,0,2,2,0,2,0,0,0,0,0.000303,0,548,0.07462
7_182,,,0,2,2,0,2,2,1,1,1,0,0.000113,0,2066,0
6_45,,,2,0,2,2,0,2,0,0,0,0,0.000301,0,1224,0.018894
7_184,,,0,2,2,0,2,2,19,0.092102,0.101812,0,0.000113,0,2068,0
34_46,,,2,2,4,2,2,4,18,0.101329,0.114523,0.00098,0.000224,0,1081,0.025408
81_22,,,2,0,2,2,0,2,0,0,0,0,0.000176,0,2067,0.016258
21_38,,,1,0,1,1,0,1,0,0,0,0,0.000237,0,1032,0.065429
33_63,,,1,3,4,1,3,4,22,0.080123,0.089962,0.002853,0.000237,0,1081,0.065429
42_18,,,10,2,12,10,2,12,2,0.75,0.833333,0.000157,0.001456,0,92,0.31348
7_188,,,0,3,3,0,3,3,23,0.080277,0.092413,0,0.000113,0,2069,0
7_189,,,1,3,4,1,3,4,2,0.714286,0.8,0.000259,0.000489,0,279,0.041523
49_13,,,3,0,3,3,0,3,0,0,0,0,0.000395,0,276,0.031661
7_191,,,0,4,4,0,4,4,3,0.6,0.703704,0,0.000113,0,2071,0
22_74,,,1,4,5,1,4,5,2,0.833333,0.9,0,0.000137,0,2070,0.005871
7_192,,,0,2,2,0,2,2,1,1,1,0,0.000113,11,2074,0
21_58,,,1,1,2,1,1,2,1,1,1,0,0.000161,11,2073,0.005871
37_93,,,2,0,2,2,0,2,0,0,0,0,0.000297,11,2072,0.016258
7_193,,,0,1,1,0,1,1,1,1,1,0,0.000113,0,2075,0
7_196,,,0,12,12,0,12,12,18,0.109459,0.126919,0,0.000113,0,2081,0
26_75,,,1,0,1,1,0,1,0,0,0,0,0.000121,0,2080,0.005871
26_76,,,1,0,1,1,0,1,0,0,0,0,0.000121,0,2079,0.005871
26_77,,,1,9,10,1,9,10,24,0.075747,0.085926,0.000005,0.000121,0,2078,0.005871
26_78,,,2,0,2,2,0,2,0,0,0,0,0.000178,0,1447,0.039655
26_79,,,1,0,1,1,0,1,0,0,0,0,0.000121,0,2076,0.005871
26_80,,,2,2,4,2,2,4,17,0.119678,0.136867,0.00072,0.000178,0,1446,0.039655
7_198,,,0,1,1,0,1,1,29,0.057683,0.06302,0,0.000113,0,2082,0
7_199,,,1,7,8,1,7,8,2,0.888889,0.9375,0,0.000135,0,2088,0.012558
17_53,,,1,0,1,1,0,1,0,0,0,0,0.000129,0,2087,0.012558
23_96,,,2,2,4,2,2,4,1,1,1,0,0.000151,0,2085,0.025116
23_97,,,2,0,2,2,0,2,0,0,0,0,0.000151,0,2084,0.025116
23_98,,,2,0,2,2,0,2,0,0,0,0,0.000151,0,2083,0.025116
41_36,,,1,5,6,1,5,6,2,0.727273,0.8125,0,0.000129,0,2088,0.012558
7_202,,,0,3,3,0,3,3,27,0.074521,0.084191,0,0.000113,0,2090,0
17_27,,,1,0,1,1,0,1,0,0,0,0,0.000145,0,2089,0.005871
19_83,,,2,1,3,2,1,3,26,0.080344,0.091243,0.000168,0.000175,0,1956,0.016258
55_46,,,3,2,5,3,2,5,1,1,1,0.00009,0.000247,0,18,0.086065
7_203,,,0,1,1,0,1,1,26,0.067619,0.075784,0,0.000113,0,2091,0
7_204,,,1,1,2,1,1,2,1,1,1,0,0.001217,0,927,0.029935
41_26,,,3,1,4,3,1,4,1,1,1,0.000079,0.001298,0,927,0.056909
8_1,,,0,3,3,0,3,3,22,0.080366,0.091492,0,0.000113,0,2092,0
8_41,,,2,2,4,2,2,4,2,0.75,0.833333,0.000079,0.000188,0,1050,0.048515
29_8,,,2,2,4,2,2,4,22,0.079877,0.086872,0.000078,0.0003,0,1081,0.117688
8_2,,,2,4,6,2,4,6,24,0.072041,0.080262,0.000555,0.000189,0,1081,0.081282
79_40,,,3,0,3,3,0,3,0,0,0,0,0.000337,0,13,0.123229
79_41,,,2,0,2,2,0,2,0,0,0,0,0.000232,0,12,0.087232
8_4,,,1,1,2,1,1,2,1,1,1,0.000079,0.000147,0,1044,0.056917
3_163,,,1,0,1,1,0,1,0,0,0,0,0.000238,0,1043,0.024364
8_5,,,0,2,2,0,2,2,1,1,1,0,0.000113,0,2094,0
2_216,,,5,0,5,5,0,5,0,0,0,0,0.000455,0,389,0.047761
5_24,,,2,0,2,2,0,2,0,0,0,0,0.000164,0,2093,0.011742
3_165,,,1,0,1,1,0,1,0,0,0,0,0.000137,0,1604,0.010387
8_67,,,2,4,6,2,4,6,22,0.095194,0.104589,0.002105,0.000194,0,1081,0.088991
8_68,,,2,0,2,2,0,2,0,0,0,0,0.000194,0,475,0.088991
54_45,,,3,0,3,3,0,3,0,0,0,0,0.00018,0,1603,0.028816
3_141,,,1,0,1,1,0,1,0,0,0,0,0.000125,0,1600,0.010387
9_14,,,3,0,3,3,0,3,0,0,0,0,0.000199,0,474,0.099378
9_15,,,3,0,3,3,0,3,0,0,0,0,0.000199,0,473,0.099378
8_14,,,0,3,3,0,3,3,18,0.105965,0.120129,0,0.000113,0,2096,0
36_69,,,2,2,4,2,2,4,22,0.093846,0.10962,0.000093,0.000157,0,2095,0.011742
8_16,,,0,3,3,0,3,3,1,1,1,0,0.000113,0,2098,0
3_155,,,1,0,1,1,0,1,0,0,0,0,0.000145,0,2097,0.005871
8_17,,,0,3,3,0,3,3,2,0.714286,0.8,0,0.000113,0,2100,0
2_249,,,1,0,1,1,0,1,0,0,0,0,0.000145,0,2099,0.005871
8_19,,,2,2,4,2,2,4,22,0.084175,0.09178,0.000018,0.000146,0,2102,0.016258
17_8,,,1,0,1,1,0,1,0,0,0,0,0.000175,0,2101,0.016587
8_22,,,0,2,2,0,2,2,23,0.082488,0.094263,0,0.000113,0,2103,0
50_16,,,1,2,3,1,2,3,21,0.091344,0.104102,0.001366,0.000195,0,1081,0.021573
8_28,,,0,4,4,0,5,5,8,0.187234,0.268101,0,0.000113,0,2105,0
64_15,,,2,2,4,3,2,5,7,0.209424,0.262024,0.00001,0.000209,0,1073,0.027286
63_9,,,5,0,5,5,0,5,0,0,0,0,0.000338,0,1146,0.087381
64_14,,,1,1,2,1,1,2,1,1,1,0,0.000137,0,2104,0.005871
8_30,,,3,5,8,3,5,8,22,0.085987,0.094099,0.001763,0.000185,0,1081,0.04793
17_76,,,4,0,4,4,0,4,0,0,0,0,0.000273,0,36,0.106667
36_1,,,2,0,2,2,0,2,0,0,0,0,0.000164,0,636,0.119811
36_2,,,2,0,2,2,0,2,0,0,0,0,0.000164,0,635,0.119811
52_30,,,2,0,2,2,0,2,0,0,0,0,0.000192,0,37,0.032634
25_6,,,4,3,7,4,3,7,28,0.057587,0.064188,0.000617,0.000394,0,1081,0.136311
29_53,,,4,1,5,4,1,5,22,0.084091,0.091023,0.001553,0.000634,0,1081,0.343235
38_16,,,4,1,5,4,1,5,22,0.084091,0.091023,0.000282,0.000662,0,1081,0.333343
70_1,,,4,2,6,4,2,6,21,0.088189,0.096301,0.001263,0.000581,0,1081,0.304035
70_2,,,3,0,3,3,0,3,0,0,0,0,0.000561,0,58,0.234612
70_3,,,2,0,2,2,0,2,0,0,0,0,0.000488,0,57,0.206922
8_33,,,3,5,8,3,5,8,21,0.092722,0.109826,0.003382,0.00045,0,1081,0.095612
3_166,,,1,0,1,1,0,1,0,0,0,0,0.000137,0,849,0.014952
3_167,,,1,0,1,1,0,1,0,0,0,0,0.000137,0,848,0.014952
10_28,,,3,8,11,3,8,11,23,0.082648,0.100856,0.001444,0.000208,0,1081,0.135576
24_43,,,2,0,2,2,0,2,0,0,0,0,0.00024,0,847,0.025339
30_14,,,5,0,5,5,0,5,0,0,0,0,0.000307,0,441,0.213186
30_43,,,4,0,4,4,0,4,0,0,0,0,0.000231,0,440,0.187567
8_39,,,0,5,5,0,5,5,19,0.108743,0.127238,0,0.000113,0,2106,0
9_11,,,2,1,3,2,1,3,23,0.08702,0.096438,0,0.000228,0,1081,0.165395
3_161,,,1,0,1,1,0,1,0,0,0,0,0.000193,0,1049,0.024747
8_48,,,0,5,5,0,5,5,23,0.087141,0.101048,0,0.000113,0,2108,0
59_16,,,1,0,1,1,0,1,0,0,0,0,0.000132,0,2107,0.005871
8_53,,,0,1,1,0,1,1,25,0.075107,0.082798,0,0.000113,0,2109,0
8_59,,,0,4,4,0,4,4,5,0.451613,0.579762,0,0.000113,0,2111,0
24_57,,,1,0,1,1,0,1,0,0,0,0,0.000137,0,2110,0.005871
29_4,,,2,0,2,2,0,2,0,0,0,0,0.000274,0,282,0.04242
8_61,,,0,1,1,0,1,1,1,1,1,0,0.000113,0,2112,0
14_36,,,2,1,3,2,1,3,1,1,1,0,0.000186,0,477,0.04174
8_72,,,0,4,4,0,4,4,4,0.367089,0.442529,0,0.000113,0,2114,0
9_100,,,3,3,6,3,3,6,5,0.313253,0.394872,0.000158,0.000282,0,1051,0.071535
9_117,,,2,0,2,2,0,2,0,0,0,0,0.000184,0,2113,0.011742
9_2,,,1,1,2,1,1,2,1,1,1,0.000079,0.000209,0,490,0.159524
9_4,,,1,0,1,1,0,1,0,0,0,0,0.00029,0,489,0.048802
9_73,,,3,3,6,3,3,6,23,0.087028,0.097013,0.000899,0.000388,0,1081,0.198627
9_7,,,0,1,1,0,1,1,1,1,1,0,0.000113,0,2115,0
9_8,,,0,1,1,0,1,1,1,1,1,0,0.000113,12,2117,0
9_10,,,1,0,1,1,0,1,0,0,0,0,0.000208,12,2116,0.005871
9_13,,,0,3,3,0,3,3,20,0.08706,0.096424,0,0.000113,0,2118,0
9_16,,,1,5,6,1,5,6,20,0.100104,0.111912,0.000067,0.00013,0,1506,0.010387
17_79,,,5,0,5,5,0,5,0,0,0,0,0.000626,0,450,0.09129
9_19,,,0,2,2,0,2,2,28,0.057545,0.062884,0,0.000113,0,2121,0
23_66,,,1,1,2,1,1,2,27,0.060988,0.066785,0.000101,0.000161,0,2120,0.005871
23_67,,,1,0,1,1,0,1,0,0,0,0,0.000161,0,2119,0.005871
9_23,,,0,1,1,0,1,1,27,0.063563,0.069005,0,0.000113,0,2122,0
9_32,,,0,1,1,0,1,1,8,0.179487,0.221344,0,0.000113,0,2123,0
57_20,,,2,3,5,2,3,5,7,0.213542,0.280023,0.000017,0.000283,0,1753,0.029199
9_34,,,0,2,2,0,2,2,23,0.066895,0.072893,0,0.000113,0,2124,0
9_35,,,0,4,4,0,4,4,2,0.75,0.833333,0,0.000113,0,2126,0
44_48,,,4,2,6,4,2,6,1,1,1,0.000158,0.000176,0,128,0.075814
44_49,,,5,0,5,5,0,5,0,0,0,0,0.000205,0,117,0.093972
111_5,,,1,0,1,1,0,1,0,0,0,0,0.000137,0,2125,0.005871
9_37,,,1,1,2,1,1,2,1,1,1,0.000079,0.00019,0,471,0.105754
9_3,,,1,0,1,1,0,1,0,0,0,0,0.000274,0,470,0.035053
9_39,,,0,2,2,0,2,2,3,0.5,0.595238,0,0.000113,0,2127,0
9_120,,,2,1,3,2,1,3,1,1,1,0.000079,0.000226,0,387,0.036361
9_122,,,3,3,6,3,3,6,2,0.666667,0.75,0.000472,0.000233,0,390,0.061539
9_41,,,1,3,4,1,3,4,3,0.6,0.722222,0.000157,0.000179,0,390,0.03049
9_91,,,2,0,2,2,0,2,0,0,0,0,0.000217,0,388,0.034738
24_62,,,1,0,1,1,0,1,0,0,0,0,0.000225,0,1738,0.010387
9_47,,,0,5,5,0,5,5,26,0.065074,0.074385,0,0.000113,0,2131,0
4_66,,,1,0,1,1,0,1,0,0,0,0,0.000132,0,2130,0.005871
4_67,,,1,0,1,1,0,1,0,0,0,0,0.000132,0,2129,0.005871
4_68,,,1,0,1,1,0,1,0,0,0,0,0.000132,0,2128,0.005871
20_131,,,3,3,6,3,3,6,20,0.116963,0.131871,0.021884,0.000553,0,1081,0.240683
9_60,,,1,1,2,1,1,2,1,1,1,0.000079,0.000156,0,1048,0.042644
37_39,,,1,0,1,1,0,1,0,0,0,0,0.000245,0,1047,0.02023
9_64,,,0,3,3,0,3,3,1,1,1,0,0.000113,0,2134,0
47_29,,,1,0,1,1,0,1,0,0,0,0,0.000145,0,2133,0.005871
58_8,,,1,0,1,1,0,1,0,0,0,0,0.000145,0,2132,0.005871
9_70,,,0,1,1,0,1,1,1,1,1,0,0.000113,0,2135,0
53_53,,,4,0,4,4,0,4,0,0,0,0,0.000402,0,1249,0.049596
9_71,,,1,1,2,1,1,2,1,1,1,0,0.000208,13,2137,0.005871
3_104,,,2,0,2,2,0,2,0,0,0,0,0.000386,13,2136,0.016258
9_75,,,0,1,1,0,1,1,1,1,1,0,0.000113,0,2138,0
63_6,,,1,0,1,1,0,1,0,0,0,0,0.00035,0,951,0.021336
9_81,,,0,8,8,0,8,8,4,0.5,0.652778,0,0.000113,0,2142,0
4_56,,,2,0,2,2,0,2,0,0,0,0,0.000133,0,996,0.042226
22_19,,,2,0,2,2,0,2,0,0,0,0,0.000199,0,127,0.043501
22_20,,,2,0,2,2,0,2,0,0,0,0,0.000199,0,126,0.043501
22_21,,,2,0,2,2,0,2,0,0,0,0,0.000131,0,1030,0.039454
22_22,,,3,1,4,3,1,4,1,1,1,0,0.000842,0,2141,0.027811
66_6,,,5,2,7,5,2,7,3,0.529412,0.592593,0.000113,0.000829,0,702,0.106083
70_15,,,2,0,2,2,0,2,0,0,0,0,0.000132,0,2140,0.017942
70_16,,,1,0,1,1,0,1,0,0,0,0,0.000125,0,2139,0.005871
9_82,,,0,1,1,0,1,1,4,0.375,0.430556,0,0.000113,0,2143,0
43_77,,,5,4,9,5,4,9,3,0.55,0.651515,0.000382,0.000431,0,687,0.286327
9_83,,,1,2,3,1,2,3,27,0.064943,0.073369,0.000101,0.000326,0,2144,0.012558
48_15,,,1,1,2,1,1,2,28,0.060985,0.067202,0,0.000251,0,2144,0.012558
9_87,,,0,4,4,0,4,4,2,0.833333,0.9,0,0.000113,0,2145,0
9_93,,,0,1,1,0,1,1,1,1,1,0,0.000113,14,2147,0
9_1,,,1,0,1,1,0,1,0,0,0,0,0.000208,14,2146,0.005871
9_97,,,1,1,2,1,1,2,22,0.084705,0.095295,0,0.000148,0,1081,0.120278
62_3,,,1,0,1,1,0,1,0,0,0,0,0.000193,0,1046,0.034334
11_86,,,1,1,2,1,1,2,1,1,1,0.000001,0.00015,0,1061,0.019927
9_105,,,1,3,4,1,3,4,1,1,1,0.000167,0.000321,0,67,0.034728
100_10,,,1,0,1,1,0,1,0,0,0,0,0.000204,0,64,0.017548
9_106,,,0,2,2,0,2,2,2,0.666667,0.75,0,0.000113,0,2151,0
9_118,,,1,2,3,1,2,3,1,1,1,0,0.000161,0,2150,0.005871
9_108,,,0,1,1,0,1,1,1,1,1,0,0.000113,0,2152,0
4_87,,,1,0,1,1,0,1,0,0,0,0,0.00021,0,1516,0.016587
4_122,,,1,0,1,1,0,1,0,0,0,0,0.00021,0,1515,0.016587
9_113,,,4,1,5,4,1,5,4,0.380952,0.447917,0.000134,0.001208,0,632,0.211646
9_115,,,0,1,1,0,1,1,1,1,1,0,0.000113,0,2153,0
9_95,,,1,0,1,1,0,1,0,0,0,0,0.000181,0,2149,0.010387
9_96,,,2,0,2,2,0,2,0,0,0,0,0.000205,0,2148,0.016258
18_30,,,2,0,2,2,0,2,0,0,0,0,0.000401,0,386,0.027977
42_16,,,1,0,1,1,0,1,0,0,0,0,0.000179,0,385,0.03049
9_127,,,1,6,7,1,6,7,26,0.081645,0.095301,0.00001,0.000161,0,2159,0.005871
70_36,,,1,3,4,1,3,4,1,1,1,0,0.000135,0,2158,0.010387
70_37,,,1,0,1,1,0,1,0,0,0,0,0.000135,0,2157,0.010387
74_49,,,2,0,2,2,0,2,0,0,0,0,0.000174,0,2156,0.022458
74_50,,,2,0,2,2,0,2,0,0,0,0,0.000174,0,2155,0.022458
74_51,,,2,0,2,2,0,2,0,0,0,0,0.000174,0,2154,0.022458
26_215,,,2,0,2,2,0,2,0,0,0,0,0.0002,0,580,0.064556
26_216,,,1,0,1,1,0,1,0,0,0,0,0.000154,0,579,0.038522
26_217,,,3,0,3,3,0,3,0,0,0,0,0.000228,0,578,0.123997
9_129,,,0,2,2,0,2,2,19,0.119435,0.133757,0,0.000113,0,2160,0
7_63,,,1,0,1,1,0,1,0,0,0,0,0.000169,0,576,0.053487
18_2,,,2,0,2,2,0,2,0,0,0,0,0.000196,0,575,0.121977
18_3,,,3,0,3,3,0,3,0,0,0,0,0.000219,0,574,0.132364
10_3,,,0,9,9,0,9,9,22,0.088575,0.109215,0,0.000113,0,2165,0
23_86,,,1,0,1,1,0,1,0,0,0,0,0.000123,0,2164,0.005871
23_87,,,1,0,1,1,0,1,0,0,0,0,0.000123,0,2163,0.005871
34_3,,,4,2,6,4,2,6,2,0.75,0.833333,0,0.000488,0,2162,0.074008
43_87,,,3,0,3,3,0,3,0,0,0,0,0.000186,0,2161,0.032763
10_4,,,0,7,7,0,7,7,21,0.090738,0.105983,0,0.000113,0,2166,0
30_27,,,13,1,14,13,1,14,1,1,1,0.000026,0.001278,0,91,0.254802
38_57,,,3,0,3,3,0,3,0,0,0,0,0.000164,0,1022,0.059591
38_58,,,4,0,4,4,0,4,0,0,0,0,0.000541,0,434,0.120596
55_43,,,3,0,3,3,0,3,0,0,0,0,0.000142,0,112,0.069943
55_44,,,5,4,9,5,4,9,20,0.099388,0.117151,0.005915,0.000286,0,1081,0.157553
56_42,,,3,0,3,3,0,3,0,0,0,0,0.000142,0,110,0.069943
56_43,,,4,6,10,4,6,10,1,1,1,0.000472,0.000182,0,109,0.099455
23_115,,,5,1,6,5,1,6,1,1,1,0.000079,0.000269,0,764,0.141652
23_116,,,4,3,7,4,3,7,22,0.089294,0.10269,0.002699,0.000249,0,1081,0.122408
38_27,,,5,0,5,5,0,5,0,0,0,0,0.000297,0,724,0.128279
10_6,,,1,7,8,1,7,8,19,0.108674,0.127236,0.001183,0.000126,0,1081,0.026237
10_10,,,3,8,11,3,8,11,23,0.083485,0.095534,0.00191,0.000403,0,1081,0.073191
13_23,,,3,0,3,3,0,3,0,0,0,0,0.000211,0,600,0.065186
13_24,,,3,0,3,3,0,3,0,0,0,0,0.000211,0,599,0.065186
33_44,,,2,2,4,2,2,4,24,0.077059,0.085195,0.000101,0.00045,0,1081,0.064145
36_58,,,2,1,3,2,1,3,25,0.071549,0.077454,0,0.000347,0,1081,0.064145
56_25,,,4,0,4,4,0,4,0,0,0,0,0.000288,0,591,0.074839
56_26,,,4,2,6,4,2,6,25,0.071649,0.079321,0.000624,0.000288,0,1081,0.074839
10_11,,,1,1,2,1,1,2,1,1,1,0,0.001136,0,221,0.043474
10_12,,,5,2,7,5,2,7,6,0.324324,0.411806,0.000007,0.000443,0,2177,0.047995
11_11,,,3,7,10,3,7,10,1,1,1,0.000003,0.000373,0,2176,0.045781
41_51,,,1,4,5,1,4,5,5,0.358209,0.445833,0.000005,0.000301,0,2177,0.034039
10_17,,,0,6,6,0,6,6,22,0.090743,0.109649,0,0.000113,0,2179,0
6_21,,,1,0,1,1,0,1,0,0,0,0,0.000129,0,2178,0.005871
10_19,,,0,1,1,0,1,1,23,0.075907,0.082934,0,0.000113,0,2180,0
10_20,,,0,9,9,0,9,9,19,0.107354,0.124771,0,0.000113,0,2181,0
25_10,,,2,0,2,2,0,2,0,0,0,0,0.00017,0,584,0.068165
10_21,,,0,1,1,0,1,1,7,0.252525,0.305714,0,0.000113,0,2182,0
10_23,,,1,1,2,1,1,2,7,0.252525,0.305714,0.000001,0.000145,0,2183,0.005871
10_24,,,2,3,5,2,3,5,22,0.083246,0.09256,0.000237,0.00025,0,1757,0.049292
11_95,,,1,0,1,1,0,1,0,0,0,0,0.000184,0,1755,0.025729
18_45,,,2,3,5,2,3,5,23,0.077147,0.085767,0.000112,0.000263,0,1757,0.041246
10_26,,,5,2,7,5,2,7,2,0.666667,0.75,0.000313,0.000905,0,817,0.129529
76_11,,,2,2,4,2,2,4,1,1,1,0.000155,0.000507,0,816,0.062862
10_27,,,1,14,15,1,14,15,23,0.08775,0.111113,0.000394,0.000153,0,1152,0.021114
3_107,,,1,0,1,1,0,1,0,0,0,0,0.000122,0,1151,0.015025
14_42,,,5,0,5,5,0,5,0,0,0,0,0.000386,0,659,0.050874
14_43,,,2,4,6,2,4,6,25,0.072463,0.081772,0.000169,0.000218,0,1150,0.020896
42_45,,,1,0,1,1,0,1,0,0,0,0,0.000122,0,1141,0.015025
75_10,,,3,0,3,3,0,3,0,0,0,0,0.000459,0,1134,0.060517
75_11,,,4,0,4,4,0,4,0,0,0,0,0.000249,0,1137,0.066664
75_12,,,4,1,5,4,1,5,2,0.666667,0.75,0.000002,0.000249,0,1136,0.066664
80_38,,,3,0,3,3,0,3,0,0,0,0,0.000345,0,815,0.050172
80_39,,,3,0,3,3,0,3,0,0,0,0,0.000345,0,814,0.050172
80_40,,,2,0,2,2,0,2,0,0,0,0,0.00013,0,1140,0.020896
80_41,,,2,0,2,2,0,2,0,0,0,0,0.00013,0,1139,0.020896
80_42,,,2,1,3,2,1,3,1,1,1,0.000001,0.00013,0,1138,0.020896
10_29,,,1,2,3,1,2,3,2,0.625,0.7,0.00002,0.000141,0,516,0.048051
10_30,,,1,4,5,1,4,5,25,0.078731,0.094473,0.001206,0.000141,0,1081,0.048051
17_13,,,2,14,16,2,14,16,24,0.084615,0.106533,0.001242,0.000187,0,1081,0.033028
17_14,,,3,0,3,3,0,3,0,0,0,0,0.00038,0,443,0.064459
55_29,,,1,0,1,1,0,1,0,0,0,0,0.000127,0,1808,0.012558
67_21,,,1,0,1,1,0,1,0,0,0,0,0.000127,0,1807,0.012558
80_27,,,2,0,2,2,0,2,0,0,0,0,0.000141,0,1806,0.025116
80_28,,,2,0,2,2,0,2,0,0,0,0,0.000141,0,1805,0.025116
80_29,,,2,0,2,2,0,2,0,0,0,0,0.000141,0,1804,0.025116
80_30,,,2,0,2,2,0,2,0,0,0,0,0.000141,0,1803,0.025116
80_31,,,2,0,2,2,0,2,0,0,0,0,0.000141,0,1802,0.025116
10_33,,,0,1,1,0,1,1,20,0.081476,0.090373,0,0.000113,0,2184,0
39_71,,,3,8,11,3,8,11,19,0.088652,0.102235,0.001956,0.000365,0,1081,0.206462
10_35,,,0,3,3,0,3,3,1,1,1,0,0.000113,0,2185,0
60_4,,,4,2,6,4,2,6,23,0.081368,0.088933,0.00027,0.000238,0,1081,0.086546
109_2,,,2,0,2,2,0,2,0,0,0,0,0.000175,0,1462,0.055039
109_3,,,2,2,4,2,2,4,21,0.087928,0.099087,0.000141,0.000175,0,1461,0.055039
109_4,,,2,0,2,2,0,2,0,0,0,0,0.000175,0,1449,0.055039
109_5,,,2,0,2,2,0,2,0,0,0,0,0.000175,0,1448,0.055039
10_43,,,0,2,2,0,2,2,4,0.421053,0.53125,0,0.000113,0,2186,0
25_42,,,3,0,3,3,0,3,0,0,0,0,0.00031,0,220,0.07576
10_45,,,1,17,18,1,17,18,23,0.083222,0.102276,0.000202,0.000147,0,2191,0.010387
20_102,,,2,0,2,2,0,2,0,0,0,0,0.000155,0,991,0.136875
20_103,,,2,0,2,2,0,2,0,0,0,0,0.000155,0,990,0.136875
20_104,,,2,6,8,2,6,8,22,0.082845,0.097949,0.004137,0.000155,0,1081,0.136875
23_112,,,3,0,3,3,0,3,0,0,0,0,0.000177,0,191,0.18185
23_113,,,3,0,3,3,0,3,0,0,0,0,0.000177,0,190,0.18185
23_114,,,3,0,3,3,0,3,0,0,0,0,0.000177,0,189,0.18185
30_55,,,4,0,4,4,0,4,0,0,0,0,0.000208,0,188,0.192237
30_56,,,4,0,4,4,0,4,0,0,0,0,0.000205,0,989,0.073304
70_10,,,5,7,12,5,7,12,24,0.079013,0.089557,0.005643,0.000277,0,1081,0.150575
70_11,,,4,0,4,4,0,4,0,0,0,0,0.000266,0,467,0.144704
70_12,,,1,0,1,1,0,1,0,0,0,0,0.00012,0,2190,0.012071
70_13,,,1,0,1,1,0,1,0,0,0,0,0.00012,0,2189,0.012071
70_14,,,1,0,1,1,0,1,0,0,0,0,0.00012,0,2188,0.012071
77_15,,,2,0,2,2,0,2,0,0,0,0,0.000216,0,2187,0.017942
79_46,,,4,0,4,4,0,4,0,0,0,0,0.000223,0,186,0.160235
10_47,,,2,1,3,2,1,3,28,0.061915,0.068714,0.000003,0.000156,0,1081,0.037642
10_48,,,0,1,1,0,1,1,3,0.5,0.583333,0,0.000113,0,2192,0
10_49,,,0,1,1,0,1,1,1,1,1,0,0.000113,0,2193,0
63_11,,,2,0,2,2,0,2,0,0,0,0,0.000222,0,1142,0.047168
10_51,,,0,3,3,0,3,3,23,0.090343,0.100512,0,0.000113,0,2194,0
32_12,,,8,5,13,8,5,13,26,0.064997,0.074103,0.001328,0.000844,0,1081,0.302869
10_52,,,0,4,4,0,4,4,1,1,1,0,0.000113,0,2195,0
52_13,,,7,0,7,7,0,7,0,0,0,0,0.000313,0,124,0.140297
10_53,,,2,3,5,2,3,5,1,1,1,0,0.000518,0,2162,0.068617
64_7,,,2,2,4,2,2,4,2,0.75,0.833333,0,0.000467,0,2162,0.068617
10_61,,,7,5,12,7,5,12,27,0.061395,0.070081,0.000521,0.000402,0,1081,0.189583
26_218,,,2,1,3,2,1,3,1,1,1,0.000079,0.000187,0,761,0.085475
26_219,,,2,0,2,2,0,2,0,0,0,0,0.000187,0,759,0.085475
10_64,,,0,5,5,0,5,5,30,0.059017,0.069775,0,0.000113,0,2196,0
21_103,,,3,0,3,3,0,3,0,0,0,0,0.000264,0,524,0.06944
41_31,,,4,0,4,4,0,4,0,0,0,0,0.000247,0,736,0.072669
41_32,,,4,0,4,4,0,4,0,0,0,0,0.000247,0,735,0.072669
10_68,,,0,8,8,0,8,8,1,1,1,0,0.000113,0,2197,0
10_71,,,1,3,4,1,3,4,2,0.8,0.875,0,0.000124,0,2077,0.010387
27_44,,,1,2,3,1,2,3,33,0.047362,0.052045,0.000003,0.000122,0,1923,0.014897
27_91,,,2,3,5,2,3,5,20,0.092245,0.103272,0.000189,0.000475,0,1081,0.087206
10_74,,,0,2,2,0,2,2,27,0.06495,0.07338,0,0.000113,0,2198,0
17_17,,,4,0,4,4,0,4,0,0,0,0,0.00036,0,417,0.043019
10_76,,,0,1,1,0,1,1,1,1,1,0,0.000113,0,2199,0
10_78,,,1,1,2,1,1,2,1,1,1,0,0.000165,0,1225,0.014565
10_80,,,0,2,2,0,2,2,3,0.466667,0.571429,0,0.000113,0,2200,0
10_82,,,0,8,8,0,8,8,3,0.733333,0.848485,0,0.000113,0,2205,0
7_118,,,2,0,2,2,0,2,0,0,0,0,0.000138,0,2204,0.011742
26_46,,,1,0,1,1,0,1,0,0,0,0,0.000125,0,2203,0.005871
26_47,,,2,0,2,2,0,2,0,0,0,0,0.000173,0,2202,0.011742
26_48,,,2,0,2,2,0,2,0,0,0,0,0.000173,0,2201,0.011742
10_83,,,0,1,1,0,1,1,1,1,1,0,0.000113,0,2206,0
65_3,,,6,1,7,6,1,7,23,0.087616,0.101401,0.003088,0.000349,0,1081,0.169558
10_87,,,0,1,1,0,1,1,23,0.079323,0.088688,0,0.000113,0,2207,0
71_27,,,3,0,3,3,0,3,0,0,0,0,0.000452,0,38,0.155385
10_90,,,3,6,9,3,6,9,23,0.087766,0.09737,0.000317,0.000306,0,1081,0.095882
20_77,,,3,6,9,3,6,9,1,1,1,0.000292,0.000736,0,665,0.089273
26_61,,,2,0,2,2,0,2,0,0,0,0,0.00026,0,661,0.081363
26_62,,,2,0,2,2,0,2,0,0,0,0,0.00026,0,660,0.081363
10_91,,,3,1,4,3,1,4,30,0.054631,0.058944,0.00022,0.000306,0,1081,0.095882
28_41,,,3,1,4,3,1,4,29,0.057753,0.062837,0.002671,0.000676,0,1081,0.141407
10_93,,,0,6,6,0,6,6,23,0.092946,0.105426,0,0.000113,0,2210,0
26_57,,,1,0,1,1,0,1,0,0,0,0,0.000129,0,2209,0.005871
26_58,,,1,0,1,1,0,1,0,0,0,0,0.000129,0,2208,0.005871
26_59,,,4,3,7,4,3,7,2,0.636364,0.714286,0.000118,0.000498,0,30,0.132166
36_30,,,3,0,3,3,0,3,0,0,0,0,0.000321,0,407,0.085169
10_103,,,0,1,1,0,1,1,1,1,1,0,0.000113,15,2212,0
6_12,,,1,0,1,1,0,1,0,0,0,0,0.000208,15,2211,0.005871
11_2,,,0,2,2,0,2,2,2,0.625,0.7,0,0.000113,0,2213,0
11_3,,,1,1,2,1,1,2,1,1,1,0.000078,0.000246,0,571,0.024991
16_97,,,3,0,3,3,0,3,0,0,0,0,0.000456,0,570,0.034445
11_7,,,1,8,9,1,8,9,23,0.089812,0.107603,0.000617,0.000135,0,2215,0.013213
29_61,,,1,0,1,1,0,1,0,0,0,0,0.000127,0,2214,0.012662
11_8,,,0,9,9,0,9,9,18,0.110475,0.130395,0,0.000113,0,2217,0
12_45,,,1,0,1,1,0,1,0,0,0,0,0.000123,0,2216,0.005871
70_19,,,2,0,2,2,0,2,0,0,0,0,0.000218,0,1454,0.061687
70_20,,,2,0,2,2,0,2,0,0,0,0,0.000218,0,1453,0.061687
70_21,,,2,0,2,2,0,2,0,0,0,0,0.000218,0,1452,0.061687
70_22,,,2,0,2,2,0,2,0,0,0,0,0.000218,0,1451,0.061687
25_7,,,3,0,3,3,0,3,0,0,0,0,0.000249,0,281,0.163739
25_8,,,3,0,3,3,0,3,0,0,0,0,0.000249,0,280,0.163739
11_20,,,1,3,4,1,3,4,27,0.065207,0.073509,0.002823,0.000746,0,1081,0.03356
67_10,,,4,0,4,4,0,4,0,0,0,0,0.000541,0,152,0.231923
11_21,,,0,6,6,0,6,6,25,0.074877,0.088104,0,0.000113,0,2218,0
59_20,,,8,3,11,8,3,11,1,1,1,0.000237,0.000759,0,139,0.1717
11_29,,,0,3,3,0,3,3,20,0.105615,0.11686,0,0.000113,0,2219,0
11_36,,,0,2,2,0,2,2,2,0.75,0.833333,0,0.000113,0,2221,0
54_10,,,4,0,4,4,0,4,0,0,0,0,0.000301,0,2220,0.028
11_40,,,2,4,6,2,4,6,1,1,1,0.000189,0.000161,0,844,0.043195
54_11,,,2,0,2,2,0,2,0,0,0,0,0.000168,0,843,0.032312
54_12,,,3,0,3,3,0,3,0,0,0,0,0.000206,0,842,0.066158
54_13,,,3,0,3,3,0,3,0,0,0,0,0.000191,0,840,0.049721
54_14,,,3,0,3,3,0,3,0,0,0,0,0.000191,0,839,0.049721
7_167,,,3,0,3,3,0,3,0,0,0,0,0.000355,0,239,0.126229
23_28,,,1,4,5,1,4,5,22,0.090239,0.104986,0,0.000136,0,1081,0.034024
23_29,,,1,0,1,1,0,1,0,0,0,0,0.000136,0,733,0.034024
39_67,,,4,0,4,4,0,4,0,0,0,0,0.00065,0,147,0.171282
43_12,,,4,0,4,4,0,4,0,0,0,0,0.000245,0,732,0.113762
43_13,,,4,0,4,4,0,4,0,0,0,0,0.000245,0,731,0.113762
43_14,,,3,2,5,3,2,5,23,0.080164,0.090399,0.00103,0.000175,0,1081,0.064999
11_42,,,1,5,6,1,5,6,2,0.692308,0.777778,0.000503,0.000137,0,841,0.037324
54_15,,,1,4,5,1,4,5,2,0.75,0.833333,0.000079,0.000136,0,838,0.017409
69_12,,,5,0,5,5,0,5,0,0,0,0,0.000321,0,835,0.083789
11_46,,,1,6,7,1,6,7,21,0.099196,0.122007,0.001266,0.000169,0,1081,0.109859
24_11,,,2,3,5,2,3,5,1,1,1,0.000182,0.000232,0,834,0.043195
24_15,,,1,0,1,1,0,1,0,0,0,0,0.000137,0,831,0.037324
66_10,,,1,0,1,1,0,1,0,0,0,0,0.000137,0,830,0.037324
11_48,,,1,1,2,1,1,2,1,1,1,0.000079,0.000218,0,956,0.024273
11_44,,,1,0,1,1,0,1,0,0,0,0,0.000298,0,955,0.014786
11_49,,,1,5,6,1,5,6,2,0.857143,0.916667,0.000001,0.000166,0,2222,0.019245
11_52,,,0,1,1,0,1,1,1,1,1,0,0.000113,16,2224,0
71_11,,,1,0,1,1,0,1,0,0,0,0,0.000208,16,2223,0.005871
82_6,,,3,0,3,3,0,3,0,0,0,0,0.000453,0,141,0.068019
11_61,,,0,1,1,0,1,1,20,0.093975,0.102425,0,0.000113,0,2225,0
11_69,,,1,4,5,1,4,5,2,0.833333,0.9,0.000002,0.000406,0,1840,0.020312
11_74,,,2,2,4,2,2,4,1,1,1,0.000001,0.000231,0,1839,0.020775
29_31,,,2,0,2,2,0,2,0,0,0,0,0.000297,0,1837,0.032488
51_26,,,2,1,3,2,1,3,3,0.5,0.566667,0.000002,0.000345,0,1840,0.030028
51_27,,,1,0,1,1,0,1,0,0,0,0,0.000199,0,1836,0.014904
11_70,,,1,1,2,1,1,2,4,0.375,0.458333,0.000002,0.000172,0,1841,0.020856
51_29,,,1,0,1,1,0,1,0,0,0,0,0.000284,0,1834,0.028083
29_32,,,2,0,2,2,0,2,0,0,0,0,0.000307,0,1838,0.023455
11_78,,,1,5,6,1,5,6,1,1,1,0.00001,0.000189,0,1093,0.028891
15_70,,,1,0,1,1,0,1,0,0,0,0,0.000145,0,1092,0.017508
15_72,,,1,0,1,1,0,1,0,0,0,0,0.000145,0,1090,0.017508
11_81,,,1,3,4,1,3,4,2,0.714286,0.8,0.000001,0.00029,0,2229,0.010387
54_37,,,1,2,3,1,2,3,1,1,1,0,0.000195,0,2228,0.012071
54_38,,,1,0,1,1,0,1,0,0,0,0,0.000195,0,2227,0.012071
54_39,,,1,0,1,1,0,1,0,0,0,0,0.000195,0,2226,0.012071
51_33,,,1,0,1,1,0,1,0,0,0,0,0.000192,0,1250,0.025296
53_54,,,2,1,3,2,1,3,1,1,1,0.000001,0.000223,0,1248,0.031167
7_88,,,4,0,4,4,0,4,0,0,0,0,0.000284,0,1077,0.094278
11_97,,,1,7,8,1,7,8,31,0.052379,0.060726,0.000007,0.000148,0,2232,0.010387
73_16,,,1,1,2,1,1,2,31,0.05226,0.057372,0,0.000131,0,2231,0.012071
79_21,,,1,0,1,1,0,1,0,0,0,0,0.000131,0,2230,0.012071
11_98,,,2,3,5,2,3,5,26,0.069659,0.079986,0.000201,0.000185,0,1635,0.026974
11_99,,,2,3,5,2,3,5,30,0.055131,0.062479,0.000385,0.000352,0,1081,0.082188
28_42,,,1,5,6,1,5,6,31,0.052296,0.060185,0.000192,0.000213,0,1081,0.034517
11_103,,,5,4,9,5,4,9,24,0.078021,0.09154,0.003403,0.0004,0,1081,0.306064
42_7,,,3,4,7,3,4,7,24,0.078259,0.091117,0.001238,0.000407,0,1081,0.203638
4_57,,,3,0,3,3,0,3,0,0,0,0,0.000319,0,1016,0.075882
11_108,,,7,2,9,7,2,9,32,0.05262,0.060203,0.00136,0.000511,0,1081,0.082833
11_110,,,0,3,3,0,3,3,21,0.087652,0.101983,0,0.000113,0,2235,0
20_129,,,1,0,1,1,0,1,0,0,0,0,0.000145,0,2234,0.005871
20_130,,,1,1,2,1,1,2,1,1,1,0,0.000145,0,2233,0.005871
11_111,,,1,1,2,1,1,2,1,1,1,0,0.00075,17,2236,0.012558
36_32,,,1,1,2,1,1,2,1,1,1,0,0.00075,17,2236,0.012558
11_116,,,0,1,1,0,1,1,1,1,1,0,0.000113,13,2237,0
11_117,,,0,2,2,0,2,2,1,1,1,0,0.000113,0,2238,0
12_4,,,1,1,2,1,1,2,28,0.057543,0.062428,0,0.000263,0,1081,0.032773
12_7,,,0,1,1,0,1,1,21,0.086631,0.094076,0,0.000113,0,2239,0
12_19,,,0,1,1,0,1,1,20,0.090545,0.101993,0,0.000113,0,2240,0
12_20,,,0,1,1,0,1,1,2,0.666667,0.75,0,0.000113,0,2242,0
72_13,,,1,1,2,1,1,2,1,1,1,0,0.000208,0,2241,0.005871
12_21,,,1,1,2,1,1,2,1,1,1,0,0.000759,0,2243,0.017489
28_26,,,2,1,3,2,1,3,1,1,1,0,0.000761,0,2243,0.020184
12_24,,,0,4,4,0,4,4,20,0.103683,0.119579,0,0.000113,0,2244,0
13_33,,,5,10,15,5,10,15,19,0.115181,0.137778,0.005672,0.000264,0,1081,0.109284
12_38,,,0,1,1,0,1,1,30,0.051982,0.057364,0,0.000113,0,2245,0
12_40,,,0,1,1,0,1,1,3,0.5,0.611111,0,0.000113,0,2246,0
12_50,,,0,1,1,0,1,1,22,0.090151,0.103686,0,0.000113,0,2247,0
12_51,,,1,1,2,1,1,2,1,1,1,0,0.000251,18,2249,0.012558
12_26,,,1,0,1,1,0,1,0,0,0,0,0.000326,18,2248,0.012558
12_52,,,1,1,2,1,1,2,3,0.5,0.611111,0,0.000251,18,2250,0.012558
12_53,,,1,2,3,1,2,3,2,0.75,0.833333,0,0.000326,18,2250,0.012558
12_57,,,0,3,3,0,3,3,1,1,1,0,0.000113,19,2254,0
12_55,,,1,0,1,1,0,1,0,0,0,0,0.000145,19,2253,0.005871
38_39,,,1,0,1,1,0,1,0,0,0,0,0.000145,19,2252,0.005871
38_40,,,1,0,1,1,0,1,0,0,0,0,0.000145,19,2251,0.005871
12_64,,,0,1,1,0,1,1,1,1,1,0,0.000113,20,2256,0
12_12,,,1,0,1,1,0,1,0,0,0,0,0.000208,20,2255,0.005871
58_11,,,1,1,2,1,1,2,1,1,1,0.000024,0.000241,0,863,0.016114
12_89,,,0,1,1,0,1,1,1,1,1,0,0.000113,21,2258,0
16_119,,,1,0,1,1,0,1,0,0,0,0,0.000208,21,2257,0.005871
12_92,,,1,2,3,1,2,3,1,1,1,0,0.000208,0,2259,0.005871
12_96,,,0,1,1,0,1,1,1,1,1,0,0.000113,22,2261,0
12_94,,,1,0,1,1,0,1,0,0,0,0,0.000208,22,2260,0.005871
12_99,,,0,1,1,0,1,1,1,1,1,0,0.000113,23,2263,0
12_69,,,1,0,1,1,0,1,0,0,0,0,0.000208,23,2262,0.005871
19_23,,,1,5,6,1,5,6,25,0.079402,0.094157,0.000087,0.00014,0,1919,0.029872
19_27,,,1,0,1,1,0,1,0,0,0,0,0.00014,0,1912,0.029872
19_28,,,1,3,4,1,3,4,27,0.063597,0.070003,0.000038,0.00014,0,1911,0.029872
71_28,,,1,0,1,1,0,1,0,0,0,0,0.00014,0,1909,0.029872
12_102,,,1,6,7,1,6,7,4,0.470588,0.609375,0.000001,0.000166,0,2270,0.019245
3_44,,,2,0,2,2,0,2,0,0,0,0,0.000189,0,2269,0.033973
28_44,,,2,5,7,2,5,7,3,0.571429,0.645833,0.000002,0.000313,0,2270,0.025116
28_45,,,1,0,1,1,0,1,0,0,0,0,0.000136,0,2267,0.014729
28_46,,,1,0,1,1,0,1,0,0,0,0,0.000136,0,2266,0.014729
38_69,,,1,0,1,1,0,1,0,0,0,0,0.000136,0,2265,0.014729
38_70,,,1,0,1,1,0,1,0,0,0,0,0.000136,0,2264,0.014729
12_107,,,0,6,6,0,6,6,6,0.367347,0.551852,0,0.000113,0,2272,0
7_99,,,1,0,1,1,0,1,0,0,0,0,0.000129,0,2271,0.005871
3_42,,,2,0,2,2,0,2,0,0,0,0,0.000213,0,320,0.132836
21_8,,,3,4,7,3,4,7,21,0.095225,0.107469,0.000841,0.000255,0,1081,0.255125
21_9,,,2,0,2,2,0,2,0,0,0,0,0.000165,0,303,0.135494
46_9,,,4,1,5,4,1,5,23,0.079486,0.085606,0.001845,0.000363,0,1081,0.196647
12_110,,,0,1,1,0,1,1,21,0.086481,0.094084,0,0.000113,0,2273,0
13_1,,,0,1,1,0,1,1,3,0.5,0.611111,0,0.000113,0,2274,0
13_2,,,0,5,5,0,5,5,20,0.10254,0.124049,0,0.000113,0,2275,0
22_65,,,3,2,5,3,2,5,21,0.094209,0.108681,0.01042,0.000278,0,1081,0.23517
41_37,,,3,0,3,3,0,3,0,0,0,0,0.000304,0,396,0.072718
65_12,,,6,3,9,6,3,9,22,0.087855,0.101876,0.001368,0.000552,0,1081,0.081537
13_5,,,1,1,2,1,1,2,2,0.666667,0.75,0,0.000137,0,2276,0.005871
46_33,,,8,1,9,8,1,9,1,1,1,0.000002,0.003604,0,174,0.2839
15_7,,,2,2,4,2,2,4,21,0.093264,0.104995,0.003037,0.000152,0,1081,0.075294
29_54,,,3,1,4,3,1,4,22,0.08466,0.097848,0.006812,0.000286,0,1081,0.153802
35_45,,,5,0,5,5,0,5,0,0,0,0,0.000606,0,4,0.241363
13_7,,,1,3,4,1,3,4,19,0.092868,0.10532,0.000458,0.000201,0,1558,0.029024
13_8,,,4,6,10,4,6,10,22,0.096014,0.116836,0.003338,0.00049,0,1081,0.095939
23_14,,,4,0,4,4,0,4,0,0,0,0,0.000304,0,868,0.117255
11_5,,,4,0,4,4,0,4,0,0,0,0,0.000288,0,758,0.133593
58_1,,,2,1,3,2,1,3,21,0.09427,0.101863,0.002762,0.000207,0,1081,0.092095
13_13,,,0,5,5,0,5,5,22,0.10095,0.121276,0,0.000113,0,2277,0
13_16,,,0,7,7,0,7,7,23,0.084748,0.103895,0,0.000113,0,2280,0
39_3,,,3,5,8,3,5,8,28,0.05802,0.067814,0.000204,0.00027,0,2279,0.017613
13_17,,,0,5,5,0,5,5,21,0.092239,0.109689,0,0.000113,0,2281,0
13_18,,,0,3,3,0,3,3,3,0.538462,0.666667,0,0.000113,0,2284,0
18_87,,,1,0,1,1,0,1,0,0,0,0,0.000145,0,2283,0.005871
18_88,,,1,0,1,1,0,1,0,0,0,0,0.000145,0,2282,0.005871
13_22,,,0,2,2,0,2,2,1,1,1,0,0.000113,0,2285,0
13_27,,,0,5,5,0,5,5,20,0.103305,0.117003,0,0.000113,0,2287,0
21_5,,,1,2,3,1,2,3,19,0.092627,0.103608,0.000031,0.000132,0,2286,0.005871
13_29,,,0,2,2,0,2,2,33,0.050553,0.059548,0,0.000113,0,2293,0
56_30,,,2,3,5,2,3,5,4,0.389831,0.456522,0.000001,0.00018,0,2292,0.025116
13_30,,,0,3,3,0,3,3,22,0.090149,0.1017,0,0.000113,0,2294,0
16_63,,,2,0,2,2,0,2,0,0,0,0,0.000249,0,1825,0.016258
14_47,,,2,0,2,2,0,2,0,0,0,0,0.000293,0,262,0.087224
13_32,,,1,2,3,1,2,3,1,1,1,0.000072,0.000263,0,224,0.067194
41_25,,,2,2,4,2,2,4,26,0.080312,0.091392,0.000839,0.000317,0,1081,0.100067
57_4,,,3,3,6,3,3,6,23,0.088211,0.098718,0.000279,0.000176,0,1081,0.073451
25_11,,,2,0,2,2,0,2,0,0,0,0,0.000205,0,583,0.087946
25_12,,,2,2,4,2,2,4,1,1,1,0.000001,0.000174,0,1581,0.031523
25_13,,,4,0,4,4,0,4,0,0,0,0,0.000232,0,48,0.061758
25_14,,,2,1,3,2,1,3,3,0.5,0.583333,0.000002,0.000174,0,1579,0.031523
25_15,,,1,0,1,1,0,1,0,0,0,0,0.000158,0,1578,0.025652
13_35,,,2,8,10,2,8,10,3,0.575,0.65942,0.000004,0.000188,0,2292,0.025116
47_15,,,4,5,9,4,5,9,2,0.777778,0.857143,0.000523,0.00033,0,1021,0.084811
56_32,,,1,1,2,1,1,2,1,1,1,0,0.000133,0,2291,0.019245
56_33,,,1,0,1,1,0,1,0,0,0,0,0.000133,0,2289,0.019245
76_14,,,4,2,6,4,2,6,1,1,1,0.000158,0.000459,0,985,0.086029
13_36,,,0,5,5,0,5,5,18,0.109365,0.126556,0,0.000113,0,2295,0
13_37,,,0,1,1,0,1,1,1,1,1,0,0.000113,0,2296,0
22_70,,,3,0,3,3,0,3,0,0,0,0,0.000351,0,718,0.035174
13_39,,,1,4,5,1,4,5,22,0.096547,0.114849,0.002468,0.000224,0,1081,0.043834
44_4,,,2,0,2,2,0,2,0,0,0,0,0.000256,0,449,0.026714
88_23,,,1,2,3,1,2,3,1,1,1,0.000104,0.000209,0,610,0.106446
88_24,,,1,0,1,1,0,1,0,0,0,0,0.000209,0,609,0.106446
88_25,,,2,0,2,2,0,2,0,0,0,0,0.000305,0,608,0.112318
88_26,,,1,0,1,1,0,1,0,0,0,0,0.000209,0,607,0.106446
13_42,,,0,4,4,0,4,4,23,0.079375,0.086737,0,0.000113,0,2297,0
13_43,,,0,7,7,0,7,7,24,0.082806,0.100341,0,0.000113,0,2299,0
26_197,,,2,1,3,2,1,3,24,0.082235,0.093901,0.000082,0.00021,0,2298,0.018429
14_4,,,1,1,2,1,1,2,19,0.100011,0.110035,0,0.000132,0,2300,0.005871
39_7,,,1,1,2,1,1,2,2,0.666667,0.75,0,0.00055,0,1698,0.03897
14_9,,,0,1,1,0,1,1,1,1,1,0,0.000113,24,2302,0
3_119,,,1,0,1,1,0,1,0,0,0,0,0.000208,24,2301,0.005871
14_10,,,2,1,3,2,1,3,2,0.666667,0.75,0.000157,0.000157,0,572,0.045459
7_128,,,2,0,2,2,0,2,0,0,0,0,0.000186,0,34,0.067467
27_56,,,1,0,1,1,0,1,0,0,0,0,0.000129,0,25,0.036188
79_37,,,2,0,2,2,0,2,0,0,0,0,0.000204,0,16,0.059655
79_38,,,2,0,2,2,0,2,0,0,0,0,0.000204,0,15,0.059655
79_39,,,2,0,2,2,0,2,0,0,0,0,0.000204,0,14,0.059655
14_15,,,1,5,6,1,5,6,22,0.084348,0.093576,0.000018,0.000125,0,2306,0.005871
50_24,,,1,0,1,1,0,1,0,0,0,0,0.000134,0,2305,0.010387
50_25,,,1,0,1,1,0,1,0,0,0,0,0.000134,0,2304,0.010387
50_26,,,1,0,1,1,0,1,0,0,0,0,0.000134,0,2303,0.010387
14_16,,,1,5,6,1,5,6,22,0.084681,0.099626,0.000131,0.000183,0,1081,0.039558
14_17,,,2,26,28,2,26,28,21,0.092313,0.119332,0.003523,0.000197,0,1081,0.080855
35_36,,,6,6,12,6,6,12,2,0.6875,0.772727,0.000452,0.000422,0,687,0.255882
37_64,,,2,0,2,2,0,2,0,0,0,0,0.000129,0,1029,0.039454
37_65,,,2,0,2,2,0,2,0,0,0,0,0.000129,0,1028,0.039454
37_66,,,2,2,4,2,2,4,1,1,1,0.000157,0.000129,0,1027,0.039454
37_67,,,2,0,2,2,0,2,0,0,0,0,0.000129,0,1024,0.039454
37_68,,,4,2,6,4,2,6,21,0.091052,0.104756,0.002429,0.000174,0,1081,0.115469
38_55,,,2,0,2,2,0,2,0,0,0,0,0.000154,0,52,0.0905
38_56,,,1,0,1,1,0,1,0,0,0,0,0.000119,0,1023,0.033583
44_43,,,2,0,2,2,0,2,0,0,0,0,0.000128,0,133,0.064072
44_44,,,2,0,2,2,0,2,0,0,0,0,0.000128,0,132,0.064072
44_45,,,2,0,2,2,0,2,0,0,0,0,0.000128,0,131,0.064072
44_46,,,2,0,2,2,0,2,0,0,0,0,0.000128,0,130,0.064072
44_47,,,3,0,3,3,0,3,0,0,0,0,0.000152,0,129,0.069943
44_50,,,3,5,8,3,5,8,3,0.545455,0.666667,0.000576,0.000152,0,125,0.069943
56_41,,,3,0,3,3,0,3,0,0,0,0,0.00016,0,111,0.080141
56_44,,,3,0,3,3,0,3,0,0,0,0,0.000168,0,102,0.093584
2_264,,,2,0,2,2,0,2,0,0,0,0,0.000515,0,330,0.129637
3_117,,,1,0,1,1,0,1,0,0,0,0,0.000247,0,329,0.049337
36_77,,,5,4,9,5,4,9,2,0.833333,0.9,0.00013,0.000193,0,676,0.066189
36_78,,,8,0,8,8,0,8,0,0,0,0,0.000272,0,675,0.088318
36_79,,,8,0,8,8,0,8,0,0,0,0,0.000272,0,674,0.088318
36_80,,,2,0,2,2,0,2,0,0,0,0,0.000155,0,673,0.053092
36_81,,,6,2,8,6,2,8,1,1,1,0.000004,0.000311,0,175,0.125695
36_83,,,3,2,5,3,2,5,25,0.069554,0.079814,0.000551,0.000179,0,1081,0.054447
14_21,,,0,10,10,0,10,10,26,0.069808,0.083453,0,0.000113,0,2307,0
40_47,,,3,0,3,3,0,3,0,0,0,0,0.000239,0,993,0.029513
40_48,,,2,1,3,2,1,3,26,0.069655,0.079419,0.000199,0.000143,0,1081,0.023642
40_10,,,1,0,1,1,0,1,0,0,0,0,0.000162,0,337,0.063627
14_23,,,2,5,7,2,5,7,24,0.077087,0.086441,0.000481,0.000249,0,1081,0.044201
25_75,,,3,0,3,3,0,3,0,0,0,0,0.000185,0,598,0.036363
16_32,,,1,4,5,1,4,5,22,0.078256,0.086621,0.000081,0.00021,0,1081,0.096695
56_88,,,2,0,2,2,0,2,0,0,0,0,0.000234,0,738,0.102566
56_89,,,2,1,3,2,1,3,22,0.078235,0.085471,0.000101,0.000234,0,1081,0.102566
2_243,,,1,0,1,1,0,1,0,0,0,0,0.000273,0,275,0.086896
25_18,,,1,2,3,1,2,3,28,0.057888,0.065512,0.000972,0.000273,0,1081,0.086896
14_30,,,3,2,5,3,2,5,2,0.75,0.833333,0,0.000224,0,2308,0.022129
14_33,,,2,4,6,2,4,6,20,0.092128,0.106057,0.000434,0.00029,0,1081,0.126104
31_29,,,1,2,3,1,2,3,23,0.080831,0.091342,0.000309,0.000174,0,1081,0.04241
39_5,,,2,1,3,2,1,3,20,0.090512,0.101908,0,0.000188,0,1081,0.068647
28_57,,,2,0,2,2,0,2,0,0,0,0,0.000552,0,780,0.109755
70_43,,,3,0,3,3,0,3,0,0,0,0,0.000307,0,1149,0.056339
16_38,,,2,0,2,2,0,2,0,0,0,0,0.000165,0,1147,0.065252
23_99,,,2,0,2,2,0,2,0,0,0,0,0.000212,0,1145,0.103853
23_100,,,2,13,15,2,13,15,22,0.096431,0.126369,0.000493,0.000212,0,1148,0.103853
35_37,,,5,8,13,5,8,13,21,0.090099,0.109678,0.006383,0.000253,0,1081,0.32916
54_5,,,1,2,3,1,2,3,22,0.089307,0.100001,0.000122,0.000214,0,2035,0.010387
14_46,,,1,3,4,1,3,4,1,1,1,0,0.000141,0,2309,0.012558
17_37,,,3,0,3,3,0,3,0,0,0,0,0.000275,0,973,0.041656
14_49,,,0,6,6,0,6,6,6,0.274809,0.395833,0,0.000113,0,2316,0
38_37,,,2,0,2,2,0,2,0,0,0,0,0.000177,0,2315,0.011742
38_38,,,2,0,2,2,0,2,0,0,0,0,0.000177,0,2314,0.011742
81_7,,,3,5,8,3,5,8,5,0.315789,0.422222,0.000004,0.000208,0,2313,0.027811
14_50,,,2,1,3,2,1,3,29,0.059112,0.064861,0,0.000359,0,2321,0.040823
23_104,,,1,2,3,1,2,3,28,0.062824,0.070493,0.000102,0.000418,0,2321,0.023962
14_51,,,0,3,3,0,3,3,23,0.084625,0.097918,0,0.000113,0,2323,0
21_1,,,6,3,9,6,3,9,22,0.080079,0.089716,0.00014,0.00059,0,1081,0.223613
53_31,,,8,0,8,8,0,8,0,0,0,0,0.000571,0,2322,0.046968
14_52,,,0,2,2,0,2,2,18,0.097348,0.107017,0,0.000113,0,2324,0
15_2,,,2,1,3,2,1,3,1,1,1,0.000021,0.000194,0,326,0.096484
15_3,,,1,2,3,1,2,3,2,0.625,0.7,0,0.000161,0,2325,0.005871
77_46,,,2,3,5,2,3,5,1,1,1,0.000066,0.00021,0,116,0.028545
15_16,,,1,1,2,1,1,2,22,0.085978,0.097081,0.000305,0.000151,0,1081,0.022265
15_22,,,1,4,5,1,4,5,23,0.081904,0.089739,0.000102,0.000161,0,2334,0.005871
16_10,,,2,0,2,2,0,2,0,0,0,0,0.000209,0,2330,0.022458
56_68,,,1,0,1,1,0,1,0,0,0,0,0.000147,0,2333,0.010387
56_69,,,1,0,1,1,0,1,0,0,0,0,0.000147,0,2332,0.010387
56_70,,,1,2,3,1,2,3,22,0.089054,0.097853,0.000203,0.000147,0,2331,0.010387
15_27,,,0,2,2,0,2,2,1,1,1,0,0.000113,0,2336,0
55_15,,,1,0,1,1,0,1,0,0,0,0,0.000161,0,2335,0.005871
15_33,,,1,0,1,1,0,1,0,0,0,0,0.000169,0,1307,0.01883
15_39,,,0,1,1,0,1,1,1,1,1,0,0.000113,0,2337,0
17_62,,,3,0,3,3,0,3,0,0,0,0,0.000446,0,587,0.08854
15_41,,,1,3,4,1,3,4,22,0.096898,0.114303,0.000019,0.000143,0,2353,0.017489
16_9,,,2,7,9,2,7,9,21,0.104968,0.127682,0.000189,0.000249,0,2353,0.020184
43_4,,,1,10,11,1,10,11,25,0.078186,0.090619,0.000033,0.000153,0,2352,0.014313
89_14,,,2,1,3,2,1,3,1,1,1,0,0.000201,0,2338,0.020184
15_42,,,0,1,1,0,1,1,1,1,1,0,0.000113,0,2354,0
7_200,,,2,0,2,2,0,2,0,0,0,0,0.00023,0,2086,0.018429
15_43,,,0,1,1,0,1,1,18,0.101844,0.113207,0,0.000113,0,2355,0
15_47,,,0,1,1,0,1,1,1,1,1,0,0.000113,25,2357,0
6_56,,,1,0,1,1,0,1,0,0,0,0,0.000208,25,2356,0.005871
15_48,,,0,1,1,0,1,1,1,1,1,0,0.000113,26,2359,0
18_108,,,2,0,2,2,0,2,0,0,0,0,0.000304,26,2358,0.011742
15_53,,,1,1,2,1,1,2,6,0.244898,0.302083,0,0.000145,0,2360,0.005871
51_28,,,2,4,6,2,4,6,5,0.310811,0.417391,0.000004,0.00028,0,1842,0.029217
15_64,,,0,1,1,0,1,1,1,1,1,0,0.000113,0,2361,0
15_66,,,1,1,2,1,1,2,3,0.461538,0.527778,0,0.000208,0,2362,0.005871
15_76,,,1,3,4,1,3,4,29,0.061911,0.072887,0.000101,0.000132,0,2365,0.005871
36_12,,,3,4,7,3,4,7,28,0.065884,0.08008,0.002445,0.000391,0,1081,0.076886
37_137,,,3,0,3,3,0,3,0,0,0,0,0.000217,0,2364,0.022129
37_138,,,3,0,3,3,0,3,0,0,0,0,0.000217,0,2363,0.022129
15_79,,,1,1,2,1,1,2,1,1,1,0,0.000132,0,2367,0.005871
11_89,,,2,0,2,2,0,2,0,0,0,0,0.000323,0,2366,0.020774
15_80,,,0,2,2,0,2,2,1,1,1,0,0.000113,0,2368,0
15_85,,,0,5,5,0,5,5,23,0.082244,0.093885,0,0.000113,0,2370,0
43_89,,,1,0,1,1,0,1,0,0,0,0,0.000132,0,2369,0.005871
15_86,,,0,3,3,0,3,3,26,0.065198,0.0744,0,0.000113,0,2371,0
15_88,,,1,5,6,1,5,6,19,0.132253,0.154636,0.021749,0.000269,0,1081,0.074881
15_90,,,0,4,4,0,4,4,23,0.084663,0.100986,0,0.000113,0,2373,0
7_49,,,2,0,2,2,0,2,0,0,0,0,0.000169,0,2372,0.011742
55_39,,,1,4,5,1,4,5,1,1,1,0.000158,0.000669,0,145,0.065216
15_95,,,0,2,2,0,2,2,21,0.090287,0.100286,0,0.000113,0,2375,0
68_9,,,1,0,1,1,0,1,0,0,0,0,0.000161,0,2374,0.005871
74_43,,,2,0,2,2,0,2,0,0,0,0,0.000209,0,617,0.098069
74_44,,,2,0,2,2,0,2,0,0,0,0,0.000209,0,616,0.098069
74_45,,,2,0,2,2,0,2,0,0,0,0,0.000209,0,615,0.098069
74_46,,,2,0,2,2,0,2,0,0,0,0,0.000209,0,614,0.098069
74_47,,,2,1,3,2,1,3,2,0.555556,0.6,0.000039,0.000209,0,618,0.098069
16_1,,,5,5,10,5,5,10,21,0.087033,0.100313,0.003327,0.00062,0,1081,0.220918
54_1,,,6,2,8,6,2,8,22,0.080076,0.089428,0.00001,0.000554,0,1081,0.233735
16_2,,,1,6,7,1,6,7,20,0.10209,0.118991,0.000107,0.00014,0,2376,0.017489
40_15,,,2,7,9,2,7,9,21,0.098237,0.113735,0.000122,0.000228,0,2376,0.020184
16_3,,,0,1,1,0,1,1,1,1,1,0,0.000113,0,2377,0
16_4,,,0,5,5,0,5,5,3,0.6,0.694444,0,0.000113,0,2382,0
25_54,,,1,0,1,1,0,1,0,0,0,0,0.000132,0,2381,0.005871
25_55,,,1,2,3,1,2,3,1,1,1,0,0.000132,0,2380,0.005871
16_7,,,1,11,12,1,11,12,24,0.074708,0.087255,0.000101,0.000139,0,2385,0.012558
16_5,,,1,0,1,1,0,1,0,0,0,0,0.000123,0,2384,0.012558
23_21,,,2,0,2,2,0,2,0,0,0,0,0.000144,0,1901,0.022945
23_22,,,1,4,5,1,4,5,25,0.069529,0.078351,0,0.000123,0,2385,0.012558
16_11,,,2,1,3,2,1,3,21,0.097649,0.10914,0.000407,0.000271,0,2329,0.017942
27_60,,,1,6,7,1,6,7,20,0.108155,0.125773,0.000508,0.000343,0,2328,0.016992
16_12,,,0,1,1,0,1,1,20,0.090545,0.101993,0,0.000113,0,2386,0
21_31,,,3,0,3,3,0,3,0,0,0,0,0.000321,0,1005,0.029741
16_20,,,0,2,2,0,2,2,1,1,1,0,0.000113,0,2387,0
16_22,,,0,3,3,0,3,3,19,0.09948,0.109468,0,0.000113,0,2390,0
39_45,,,2,1,3,2,1,3,1,1,1,0,0.00024,0,2389,0.011742
16_24,,,2,9,11,2,9,11,2,0.909091,0.95,0.000001,0.000192,0,2391,0.011742
25_9,,,2,0,2,2,0,2,0,0,0,0,0.000178,0,585,0.077197
16_26,,,1,7,8,1,7,8,21,0.090404,0.107624,0.000102,0.000232,0,2393,0.012558
16_27,,,1,2,3,1,2,3,1,1,1,0,0.000141,0,2392,0.012558
59_2,,,1,1,2,1,1,2,22,0.082912,0.094012,0,0.000141,0,2393,0.012558
16_28,,,1,4,5,1,4,5,3,0.486486,0.564815,0.00013,0.000151,0,1014,0.031432
16_30,,,0,5,5,0,5,5,21,0.091333,0.09996,0,0.000113,0,2395,0
93_4,,,1,0,1,1,0,1,0,0,0,0,0.000132,0,2394,0.005871
16_31,,,0,1,1,0,1,1,1,1,1,0,0.000113,0,2396,0
16_34,,,0,1,1,0,1,1,1,1,1,0,0.000113,0,2397,0
11_34,,,2,0,2,2,0,2,0,0,0,0,0.000183,0,716,0.043208
16_39,,,0,4,4,0,4,4,1,1,1,0,0.000113,0,2398,0
16_44,,,0,2,2,0,2,2,5,0.3125,0.408889,0,0.000113,0,2400,0
54_52,,,2,0,2,2,0,2,0,0,0,0,0.000208,0,2399,0.011742
16_52,,,0,2,2,0,2,2,29,0.055066,0.063692,0,0.000113,0,2401,0
16_56,,,0,1,1,0,1,1,5,0.276923,0.343519,0,0.000113,0,2402,0
37_151,,,1,0,1,1,0,1,0,0,0,0,0.000145,0,1774,0.018655
37_152,,,1,0,1,1,0,1,0,0,0,0,0.000145,0,1773,0.018655
37_153,,,1,2,3,1,2,3,2,0.555556,0.6,0.000004,0.000145,0,1772,0.018655
37_154,,,2,0,2,2,0,2,0,0,0,0,0.000207,0,1770,0.032602
43_17,,,1,0,1,1,0,1,0,0,0,0,0.000229,0,1885,0.010387
16_62,,,1,8,9,1,8,9,2,0.75,0.833333,0.000003,0.000336,0,1282,0.021103
11_9,,,1,0,1,1,0,1,0,0,0,0,0.000148,0,1279,0.015843
11_10,,,3,0,3,3,0,3,0,0,0,0,0.00022,0,1278,0.027585
18_35,,,1,0,1,1,0,1,0,0,0,0,0.000148,0,1277,0.015843
18_36,,,1,2,3,1,2,3,1,1,1,0,0.000148,0,1276,0.015843
19_77,,,2,0,2,2,0,2,0,0,0,0,0.000211,0,1275,0.029201
19_78,,,1,0,1,1,0,1,0,0,0,0,0.000148,0,1274,0.015843
41_50,,,3,0,3,3,0,3,0,0,0,0,0.000273,0,1273,0.04669
27_35,,,1,0,1,1,0,1,0,0,0,0,0.000133,0,1900,0.010387
27_36,,,2,0,2,2,0,2,0,0,0,0,0.000229,0,1899,0.016258
74_54,,,1,0,1,1,0,1,0,0,0,0,0.000133,0,1898,0.010387
74_55,,,1,0,1,1,0,1,0,0,0,0,0.000133,0,1897,0.010387
50_9,,,1,0,1,1,0,1,0,0,0,0,0.000138,0,1778,0.015322
16_70,,,0,1,1,0,1,1,1,1,1,0,0.000113,0,2403,0
30_54,,,4,0,4,4,0,4,0,0,0,0,0.000774,0,1752,0.071608
16_71,,,0,1,1,0,1,1,4,0.325581,0.369048,0,0.000113,0,2404,0
16_77,,,2,2,4,2,2,4,24,0.076259,0.086602,0.000033,0.000273,0,1081,0.183589
16_78,,,0,2,2,0,2,2,1,1,1,0,0.000113,0,2406,0
67_24,,,1,0,1,1,0,1,0,0,0,0,0.000161,0,2405,0.005871
16_79,,,1,1,2,1,1,2,1,1,1,0,0.00075,27,2407,0.012558
67_19,,,1,1,2,1,1,2,1,1,1,0,0.00075,27,2407,0.012558
16_84,,,0,2,2,0,2,2,1,1,1,0,0.000113,0,2408,0
77_35,,,3,0,3,3,0,3,0,0,0,0,0.000322,0,144,0.037769
77_36,,,3,0,3,3,0,3,0,0,0,0,0.000322,0,143,0.037769
16_85,,,0,6,6,0,6,6,24,0.08369,0.105299,0,0.000113,0,2410,0
21_39,,,3,4,7,3,4,7,27,0.067028,0.077475,0.000223,0.000325,0,2321,0.037373
21_40,,,1,0,1,1,0,1,0,0,0,0,0.000129,0,2409,0.005871
16_86,,,0,6,6,0,6,6,27,0.065188,0.074686,0,0.000113,0,2411,0
18_52,,,2,0,2,2,0,2,0,0,0,0,0.000204,0,442,0.043035
16_87,,,1,3,4,1,3,4,27,0.061112,0.068749,0.000696,0.000151,0,1081,0.031432
19_38,,,5,1,6,5,1,6,27,0.061033,0.067366,0.00027,0.000501,0,1081,0.208044
28_85,,,2,6,8,2,6,8,28,0.062296,0.072566,0.000101,0.000192,0,1081,0.025383
16_90,,,1,5,6,1,5,6,22,0.085602,0.096213,0.000567,0.000169,0,1081,0.109859
16_91,,,0,2,2,0,2,2,24,0.07671,0.084655,0,0.000113,0,2412,0
16_93,,,0,3,3,0,3,3,25,0.072481,0.083946,0,0.000113,0,2413,0
16_99,,,0,1,1,0,1,1,2,0.6,0.666667,0,0.000113,0,2415,0
38_83,,,1,2,3,1,2,3,1,1,1,0,0.000208,0,2414,0.005871
16_101,,,0,1,1,0,1,1,23,0.078364,0.085974,0,0.000113,0,2416,0
65_10,,,1,1,2,1,1,2,22,0.082794,0.089933,0.000884,0.000181,0,1081,0.051127
65_11,,,1,3,4,1,3,4,20,0.093034,0.102878,0.00211,0.000181,0,1081,0.051127
16_118,,,0,2,2,0,2,2,23,0.078141,0.085298,0,0.000113,0,2417,0
16_125,,,2,3,5,2,3,5,19,0.090828,0.100312,0.000112,0.000444,0,1081,0.048485
20_44,,,2,1,3,2,1,3,20,0.083269,0.089895,0,0.000308,0,1081,0.048485
9_40,,,1,0,1,1,0,1,0,0,0,0,0.000142,0,1500,0.016654
7_86,,,2,0,2,2,0,2,0,0,0,0,0.000218,0,883,0.04816
17_2,,,2,0,2,2,0,2,0,0,0,0,0.000225,0,879,0.0615
17_60,,,2,0,2,2,0,2,0,0,0,0,0.000226,0,882,0.052676
19_57,,,1,0,1,1,0,1,0,0,0,0,0.000122,0,881,0.042289
32_23,,,1,1,2,1,1,2,1,1,1,0,0.000122,0,880,0.042289
37_102,,,3,2,5,3,2,5,22,0.079994,0.088758,0.00184,0.000243,0,1081,0.077537
53_8,,,2,0,2,2,0,2,0,0,0,0,0.000138,0,701,0.061533
53_17,,,1,0,1,1,0,1,0,0,0,0,0.000122,0,699,0.042289
53_18,,,1,1,2,1,1,2,1,1,1,0.000079,0.000122,0,698,0.042289
61_8,,,1,0,1,1,0,1,0,0,0,0,0.000122,0,696,0.042289
17_4,,,0,1,1,0,1,1,4,0.35,0.428571,0,0.000113,0,2418,0
17_7,,,0,1,1,0,1,1,1,1,1,0,0.000113,0,2419,0
17_10,,,0,1,1,0,1,1,1,1,1,0,0.000113,0,2421,0
3_21,,,2,0,2,2,0,2,0,0,0,0,0.000232,0,2420,0.011742
17_12,,,1,13,14,1,13,14,19,0.107898,0.130214,0.001623,0.000204,0,1081,0.078262
23_80,,,1,1,2,1,1,2,1,1,1,0,0.000126,0,772,0.026237
25_62,,,2,3,5,2,3,5,20,0.091464,0.104335,0.000664,0.000305,0,1081,0.063882
28_71,,,2,0,2,2,0,2,0,0,0,0,0.000174,0,722,0.032108
28_72,,,2,0,2,2,0,2,0,0,0,0,0.000174,0,721,0.032108
75_14,,,2,1,3,2,1,3,1,1,1,0.000035,0.000228,0,447,0.069299
75_15,,,2,5,7,2,5,7,28,0.057984,0.06775,0.000958,0.000228,0,1081,0.069299
82_13,,,2,0,2,2,0,2,0,0,0,0,0.000159,0,51,0.077803
82_14,,,2,0,2,2,0,2,0,0,0,0,0.000159,0,50,0.077803
17_24,,,2,1,3,2,1,3,5,0.3,0.374074,0.000165,0.000636,0,692,0.244425
17_25,,,0,1,1,0,1,1,1,1,1,0,0.000113,0,2422,0
17_30,,,0,3,3,0,3,3,21,0.088039,0.099652,0,0.000113,0,2423,0
67_3,,,3,0,3,3,0,3,0,0,0,0,0.000435,0,356,0.036856
67_4,,,2,0,2,2,0,2,0,0,0,0,0.000258,0,355,0.026468
17_36,,,1,1,2,1,1,2,2,0.666667,0.75,0,0.000249,28,2426,0.010387
49_12,,,1,1,2,1,1,2,1,1,1,0,0.000324,28,2425,0.012071
17_38,,,0,2,2,0,2,2,21,0.092259,0.101984,0,0.000113,0,2427,0
17_40,,,1,8,9,1,8,9,1,1,1,0.000004,0.000174,0,1771,0.013947
35_41,,,2,3,5,2,3,5,21,0.09831,0.118347,0.003813,0.000291,0,1081,0.266152
17_45,,,0,2,2,0,2,2,2,0.75,0.833333,0,0.000113,0,2428,0
111_1,,,3,0,3,3,0,3,0,0,0,0,0.00031,0,586,0.083159
17_46,,,0,1,1,0,1,1,2,0.666667,0.75,0,0.000113,0,2429,0
17_49,,,0,5,5,0,5,5,1,1,1,0,0.000113,0,2433,0
79_10,,,1,0,1,1,0,1,0,0,0,0,0.000132,0,2432,0.005871
79_11,,,2,0,2,2,0,2,0,0,0,0,0.000145,0,2431,0.011742
79_12,,,2,0,2,2,0,2,0,0,0,0,0.000145,0,2430,0.011742
67_25,,,1,0,1,1,0,1,0,0,0,0,0.000191,0,1364,0.01883
17_52,,,7,14,21,7,14,21,21,0.094877,0.12021,0.006698,0.000575,0,1081,0.415909
35_34,,,3,0,3,3,0,3,0,0,0,0,0.000204,0,187,0.159869
79_13,,,7,3,10,7,3,10,22,0.086681,0.103189,0.002254,0.000423,0,1081,0.46104
79_14,,,7,5,12,7,5,12,26,0.070391,0.080792,0.002474,0.000423,0,1081,0.46104
17_58,,,1,3,4,1,3,4,1,1,1,0,0.000135,0,2436,0.010387
65_8,,,1,0,1,1,0,1,0,0,0,0,0.000151,0,2435,0.012071
65_9,,,1,0,1,1,0,1,0,0,0,0,0.000151,0,2434,0.012071
26_214,,,4,8,12,4,8,12,17,0.112637,0.133177,0.007116,0.000512,0,1081,0.137599
17_61,,,0,1,1,0,1,1,26,0.067733,0.073114,0,0.000113,0,2437,0
15_37,,,1,0,1,1,0,1,0,0,0,0,0.000143,0,1958,0.010387
15_38,,,1,0,1,1,0,1,0,0,0,0,0.000143,0,1957,0.010387
54_34,,,1,0,1,1,0,1,0,0,0,0,0.000195,0,1246,0.033938
17_70,,,0,1,1,0,1,1,1,1,1,0,0.000113,0,2439,0
95_4,,,3,0,3,3,0,3,0,0,0,0,0.000242,0,2438,0.017613
17_71,,,3,11,14,3,11,14,28,0.066697,0.084675,0.002061,0.000417,0,1081,0.058938
45_29,,,2,1,3,2,1,3,28,0.063149,0.071052,0.000027,0.000179,0,1081,0.051453
69_19,,,2,0,2,2,0,2,0,0,0,0,0.000218,0,711,0.09476
69_25,,,1,0,1,1,0,1,0,0,0,0,0.000145,0,1035,0.031771
69_26,,,1,0,1,1,0,1,0,0,0,0,0.000145,0,1034,0.031771
17_77,,,1,3,4,1,3,4,21,0.091066,0.106599,0.001202,0.000193,0,1081,0.037845
17_80,,,0,1,1,0,1,1,18,0.09952,0.110008,0,0.000113,0,2440,0
17_81,,,2,1,3,2,1,3,24,0.068949,0.073511,0,0.000208,0,2443,0.011742
21_18,,,3,2,5,3,2,5,23,0.074013,0.079807,0.000302,0.000386,0,2442,0.026645
17_83,,,0,4,4,0,4,4,7,0.290323,0.418871,0,0.000113,0,2444,0
17_84,,,0,2,2,0,2,2,1,1,1,0,0.000113,0,2445,0
17_85,,,2,4,6,2,4,6,21,0.091938,0.102954,0.000561,0.000498,0,1081,0.039143
2_269,,,1,0,1,1,0,1,0,0,0,0,0.000219,0,1003,0.022868
18_109,,,2,1,3,2,1,3,23,0.077669,0.083234,0,0.000508,0,1081,0.05614
31_27,,,3,2,5,3,2,5,22,0.084205,0.091882,0.000516,0.000682,0,1081,0.06557
23_47,,,1,0,1,1,0,1,0,0,0,0,0.000134,0,569,0.035072
17_96,,,0,3,3,0,3,3,1,1,1,0,0.000113,0,2446,0
69_44,,,4,0,4,4,0,4,0,0,0,0,0.000209,0,531,0.045945
69_45,,,4,0,4,4,0,4,0,0,0,0,0.000209,0,530,0.045945
69_46,,,4,0,4,4,0,4,0,0,0,0,0.000209,0,529,0.045945
78_30,,,3,1,4,3,1,4,1,1,1,0.000048,0.000443,0,435,0.182101
17_98,,,0,5,5,0,5,5,26,0.065203,0.074975,0,0.000113,0,2447,0
40_57,,,10,1,11,10,1,11,1,1,1,0.000002,0.003653,0,174,0.290103
17_99,,,0,1,1,0,1,1,1,1,1,0,0.000113,0,2448,0
11_104,,,6,0,6,6,0,6,0,0,0,0,0.000542,0,267,0.190579
27_10,,,1,0,1,1,0,1,0,0,0,0,0.000175,0,1370,0.021923
27_11,,,1,2,3,1,2,3,25,0.067422,0.074637,0.000031,0.000175,0,1369,0.021923
27_13,,,1,1,2,1,1,2,1,1,1,0.000079,0.000308,0,1012,0.076691
17_105,,,0,1,1,0,1,1,23,0.080142,0.091172,0,0.000113,0,2449,0
18_5,,,0,1,1,0,1,1,22,0.084241,0.091829,0,0.000113,0,2450,0
16_127,,,1,0,1,1,0,1,0,0,0,0,0.00019,0,1791,0.027108
18_8,,,1,1,2,1,1,2,2,0.52,0.538462,0,0.000127,0,2455,0.012558
32_27,,,1,13,14,1,13,14,1,1,1,0.000001,0.000221,0,2455,0.012558
18_9,,,0,1,1,0,1,1,1,1,1,0,0.000113,29,2457,0
83_9,,,1,0,1,1,0,1,0,0,0,0,0.000208,29,2456,0.005871
48_4,,,1,0,1,1,0,1,0,0,0,0,0.000154,0,1732,0.010387
18_18,,,0,1,1,0,1,1,1,1,1,0,0.000113,30,2459,0
104_8,,,1,0,1,1,0,1,0,0,0,0,0.000208,30,2458,0.005871
18_19,,,0,2,2,0,2,2,1,1,1,0,0.000113,0,2461,0
24_21,,,1,0,1,1,0,1,0,0,0,0,0.000161,0,2460,0.005871
18_63,,,1,0,1,1,0,1,0,0,0,0,0.000255,0,504,0.014491
18_27,,,0,2,2,0,2,2,21,0.091579,0.104358,0,0.000113,0,2462,0
25_66,,,4,0,4,4,0,4,0,0,0,0,0.000413,0,1017,0.101343
88_5,,,2,0,2,2,0,2,0,0,0,0,0.000244,0,94,0.10298
18_31,,,0,6,6,0,6,6,22,0.087098,0.105744,0,0.000113,0,2464,0
22_23,,,2,2,4,2,2,4,3,0.555556,0.666667,0.000157,0.000603,0,521,0.053223
25_76,,,2,1,3,2,1,3,33,0.050017,0.055915,0.000493,0.000165,0,1081,0.051397
43_51,,,1,3,4,1,3,4,31,0.05229,0.058723,0.000004,0.000129,0,2463,0.005871
18_37,,,0,1,1,0,1,1,24,0.07433,0.085968,0,0.000113,0,2465,0
18_41,,,0,1,1,0,1,1,34,0.047712,0.053096,0,0.000113,0,2468,0
67_30,,,1,3,4,1,3,4,33,0.050073,0.057001,0.000101,0.000208,0,2467,0.005871
18_44,,,0,5,5,0,5,5,23,0.094518,0.111323,0,0.000113,0,2469,0
39_21,,,1,2,3,1,2,3,24,0.07163,0.078074,0,0.000187,0,1757,0.023328
20_105,,,5,0,5,5,0,5,0,0,0,0,0.000287,0,7,0.318942
20_106,,,5,0,5,5,0,5,0,0,0,0,0.000287,0,6,0.318942
27_88,,,2,6,8,2,6,8,26,0.070311,0.080365,0,0.000167,0,1081,0.131508
52_9,,,2,0,2,2,0,2,0,0,0,0,0.000175,0,1079,0.170068
52_10,,,3,0,3,3,0,3,0,0,0,0,0.000188,0,1078,0.175939
101_5,,,4,0,4,4,0,4,0,0,0,0,0.000283,0,8,0.147766
18_51,,,0,2,2,0,2,2,23,0.080151,0.091643,0,0.000113,0,2472,0
34_22,,,1,1,2,1,1,2,1,1,1,0,0.000161,0,2471,0.005871
18_55,,,0,5,5,0,5,5,21,0.094869,0.107749,0,0.000113,0,2473,0
29_29,,,3,0,3,3,0,3,0,0,0,0,0.000239,0,983,0.050797
18_58,,,0,2,2,0,2,2,21,0.094161,0.108218,0,0.000113,0,2474,0
18_61,,,1,1,2,1,1,2,1,1,1,0,0.000118,0,2476,0.012558
18_64,,,1,0,1,1,0,1,0,0,0,0,0.000213,0,2475,0.012558
18_65,,,1,19,20,1,19,20,20,0.105541,0.129367,0.000053,0.000123,0,2492,0.012558
18_66,,,1,0,1,1,0,1,0,0,0,0,0.000118,0,2491,0.012558
18_67,,,1,0,1,1,0,1,0,0,0,0,0.000118,0,2490,0.012558
18_68,,,1,0,1,1,0,1,0,0,0,0,0.000118,0,2489,0.012558
18_69,,,1,0,1,1,0,1,0,0,0,0,0.000118,0,2488,0.012558
18_70,,,1,0,1,1,0,1,0,0,0,0,0.000118,0,2487,0.012558
18_71,,,1,0,1,1,0,1,0,0,0,0,0.000118,0,2486,0.012558
18_72,,,1,0,1,1,0,1,0,0,0,0,0.000118,0,2485,0.012558
18_73,,,1,0,1,1,0,1,0,0,0,0,0.000118,0,2484,0.012558
18_74,,,1,0,1,1,0,1,0,0,0,0,0.000118,0,2483,0.012558
18_75,,,1,0,1,1,0,1,0,0,0,0,0.000118,0,2482,0.012558
18_76,,,1,0,1,1,0,1,0,0,0,0,0.000118,0,2481,0.012558
18_78,,,2,0,2,2,0,2,0,0,0,0,0.000128,0,2479,0.025116
18_80,,,1,1,2,1,1,2,1,1,1,0,0.000118,0,2480,0.012558
18_81,,,2,0,2,2,0,2,0,0,0,0,0.000128,0,2478,0.025116
18_82,,,1,10,11,1,10,11,21,0.101813,0.121848,0.000022,0.000118,0,2492,0.012558
18_97,,,1,0,1,1,0,1,0,0,0,0,0.000123,0,2477,0.012558
18_84,,,0,1,1,0,1,1,1,1,1,0,0.000113,0,2493,0
27_23,,,2,0,2,2,0,2,0,0,0,0,0.000248,0,409,0.01895
18_86,,,0,1,1,0,1,1,1,1,1,0,0.000113,0,2494,0
18_91,,,0,1,1,0,1,1,1,1,1,0,0.000113,31,2496,0
3_5,,,1,0,1,1,0,1,0,0,0,0,0.000208,31,2495,0.005871
18_95,,,0,1,1,0,1,1,1,1,1,0,0.000113,0,2497,0
18_96,,,0,1,1,0,1,1,1,1,1,0,0.000113,32,2499,0
34_12,,,2,0,2,2,0,2,0,0,0,0,0.000256,32,2498,0.011742
18_98,,,1,1,2,1,1,2,23,0.080644,0.093719,0.001009,0.000159,0,1081,0.023675
18_99,,,1,5,6,1,5,6,23,0.081502,0.096861,0.000121,0.000159,0,1081,0.023675
18_101,,,0,1,1,0,1,1,26,0.080344,0.091243,0,0.000113,0,2500,0
18_102,,,0,1,1,0,1,1,29,0.057652,0.062671,0,0.000113,0,2501,0
18_103,,,0,5,5,0,5,5,3,0.666667,0.791667,0,0.000113,0,2505,0
88_2,,,2,0,2,2,0,2,0,0,0,0,0.00014,0,2504,0.011742
88_3,,,2,0,2,2,0,2,0,0,0,0,0.00014,0,2503,0.011742
88_4,,,2,0,2,2,0,2,0,0,0,0,0.00014,0,2502,0.011742
19_6,,,0,1,1,0,1,1,1,1,1,0,0.000113,33,2507,0
27_16,,,2,0,2,2,0,2,0,0,0,0,0.000304,33,2506,0.011742
19_7,,,0,6,6,0,6,6,3,0.692308,0.814815,0,0.000113,0,2510,0
3_38,,,1,0,1,1,0,1,0,0,0,0,0.000129,0,2509,0.005871
15_54,,,1,0,1,1,0,1,0,0,0,0,0.000129,0,2508,0.005871
19_9,,,0,1,1,0,1,1,1,1,1,0,0.000113,0,2511,0
19_16,,,0,1,1,0,1,1,1,1,1,0,0.000113,9,2512,0
19_17,,,0,2,2,0,2,2,22,0.08409,0.091351,0,0.000113,0,2513,0
3_46,,,1,0,1,1,0,1,0,0,0,0,0.000234,0,1056,0.035484
22_63,,,1,6,7,1,6,7,24,0.083313,0.09686,0.000174,0.000136,0,1914,0.01767
19_24,,,2,1,3,2,1,3,1,1,1,0,0.000304,34,2515,0.011742
19_29,,,1,0,1,1,0,1,0,0,0,0,0.000371,34,2514,0.014903
19_26,,,0,1,1,0,1,1,2,0.666667,0.75,0,0.000113,34,2516,0
28_11,,,1,0,1,1,0,1,0,0,0,0,0.000152,0,1910,0.01767
19_31,,,0,1,1,0,1,1,2,0.545455,0.583333,0,0.000113,0,2517,0
3_60,,,2,0,2,2,0,2,0,0,0,0,0.000414,0,1585,0.026974
19_37,,,0,4,4,0,4,4,1,1,1,0,0.000113,0,2518,0
19_39,,,0,1,1,0,1,1,1,1,1,0,0.000113,0,2519,0
14_41,,,2,0,2,2,0,2,0,0,0,0,0.000179,0,975,0.031507
25_63,,,1,2,3,1,2,3,1,1,1,0.000079,0.000147,0,974,0.025636
19_51,,,0,1,1,0,1,1,1,1,1,0,0.000113,0,2520,0
19_53,,,3,4,7,3,4,7,4,0.5,0.608974,0.000948,0.000506,0,431,0.070813
20_36,,,3,0,3,3,0,3,0,0,0,0,0.000245,0,430,0.051438
26_13,,,1,0,1,1,0,1,0,0,0,0,0.00022,0,429,0.03518
26_14,,,1,0,1,1,0,1,0,0,0,0,0.00022,0,428,0.03518
28_34,,,1,6,7,1,6,7,4,0.464286,0.647436,0.000632,0.00022,0,431,0.03518
19_54,,,1,3,4,1,3,4,22,0.080349,0.088913,0.000711,0.000216,0,1081,0.035422
19_55,,,1,2,3,1,2,3,25,0.075203,0.085605,0.001072,0.000216,0,1081,0.035422
20_132,,,1,6,7,1,6,7,24,0.08122,0.095021,0.00091,0.000204,0,1081,0.018662
6_85,,,1,0,1,1,0,1,0,0,0,0,0.000128,0,1848,0.014313
6_86,,,1,0,1,1,0,1,0,0,0,0,0.000128,0,1847,0.014313
6_87,,,1,0,1,1,0,1,0,0,0,0,0.000128,0,1846,0.014313
6_90,,,2,0,2,2,0,2,0,0,0,0,0.000176,0,1845,0.020184
40_78,,,1,0,1,1,0,1,0,0,0,0,0.000128,0,1844,0.014313
70_23,,,1,2,3,1,2,3,5,0.279412,0.347368,0.000211,0.000152,0,754,0.027318
70_34,,,1,0,1,1,0,1,0,0,0,0,0.000152,0,751,0.027318
19_60,,,0,2,2,0,2,2,22,0.090653,0.102032,0,0.000113,0,2521,0
19_61,,,0,1,1,0,1,1,1,1,1,0,0.000113,35,2523,0
73_18,,,2,0,2,2,0,2,0,0,0,0,0.000304,35,2522,0.011742
19_62,,,1,2,3,1,2,3,26,0.066869,0.072849,0,0.000163,0,1081,0.020105
19_63,,,1,4,5,1,4,5,5,0.304878,0.400667,0.000002,0.000199,0,2525,0.017489
23_1,,,2,1,3,2,1,3,4,0.346939,0.387255,0.000057,0.000219,0,753,0.030566
23_2,,,2,0,2,2,0,2,0,0,0,0,0.000219,0,752,0.030566
23_10,,,2,0,2,2,0,2,0,0,0,0,0.000203,0,2524,0.020184
23_11,,,2,2,4,2,2,4,6,0.255102,0.336667,0.000002,0.000203,0,2525,0.020184
93_3,,,1,0,1,1,0,1,0,0,0,0,0.000203,0,167,0.093411
19_66,,,0,4,4,0,4,4,3,0.55,0.651515,0,0.000113,0,2526,0
19_67,,,1,1,2,1,1,2,2,0.666667,0.75,0,0.000121,0,2527,0.005871
19_68,,,0,1,1,0,1,1,29,0.06177,0.070929,0,0.000113,0,2528,0
19_69,,,0,2,2,0,2,2,26,0.069699,0.080227,0,0.000113,0,2529,0
19_70,,,0,1,1,0,1,1,26,0.069653,0.079411,0,0.000113,0,2530,0
19_86,,,3,1,4,3,1,4,22,0.083666,0.089906,0.001729,0.000288,0,1081,0.094923
21_102,,,1,0,1,1,0,1,0,0,0,0,0.000153,0,1634,0.021103
19_76,,,0,2,2,0,2,2,24,0.080649,0.08732,0,0.000113,0,2531,0
19_84,,,0,5,5,0,5,5,23,0.087577,0.097436,0,0.000113,0,2532,0
19_85,,,1,2,3,1,2,3,3,0.538462,0.619048,0.000379,0.000151,0,987,0.067949
43_72,,,2,2,4,2,2,4,2,0.75,0.833333,0.000066,0.000263,0,986,0.04255
19_87,,,0,2,2,0,2,2,28,0.057562,0.062951,0,0.000113,0,2533,0
20_2,,,0,1,1,0,1,1,21,0.092453,0.103382,0,0.000113,0,2534,0
20_10,,,0,1,1,0,1,1,1,1,1,0,0.000113,36,2536,0
28_29,,,1,0,1,1,0,1,0,0,0,0,0.000208,36,2535,0.005871
20_11,,,0,1,1,0,1,1,5,0.285714,0.325926,0,0.000113,0,2538,0
28_30,,,1,1,2,1,1,2,4,0.377778,0.416667,0.000001,0.000208,0,2537,0.005871
20_12,,,0,1,1,0,1,1,1,1,1,0,0.000113,0,2539,0
79_16,,,2,0,2,2,0,2,0,0,0,0,0.00026,0,555,0.041824
20_13,,,0,1,1,0,1,1,1,1,1,0,0.000113,0,2540,0
20_15,,,1,5,6,1,5,6,24,0.069984,0.080363,0.000101,0.000161,0,2542,0.005871
27_65,,,1,3,4,1,3,4,24,0.069331,0.076999,0,0.00014,0,2541,0.010387
20_16,,,0,1,1,0,1,1,1,1,1,0,0.000113,0,2543,0
92_11,,,2,0,2,2,0,2,0,0,0,0,0.000242,0,1257,0.018844
20_22,,,0,1,1,0,1,1,1,1,1,0,0.000113,37,2545,0
28_32,,,1,0,1,1,0,1,0,0,0,0,0.000208,37,2544,0.005871
20_27,,,2,1,3,2,1,3,2,0.666667,0.75,0.000158,0.000152,0,427,0.024674
43_52,,,1,1,2,1,1,2,1,1,1,0.000079,0.000242,0,426,0.01835
20_29,,,2,1,3,2,1,3,6,0.282609,0.342308,0.000001,0.000152,0,431,0.024674
33_69,,,3,1,4,3,1,4,5,0.361111,0.419231,0.001021,0.00039,0,431,0.092829
20_38,,,0,2,2,0,2,2,1,1,1,0,0.000113,38,2548,0
28_8,,,2,0,2,2,0,2,0,0,0,0,0.000256,38,2547,0.011742
28_10,,,1,0,1,1,0,1,0,0,0,0,0.000161,38,2546,0.005871
20_40,,,0,31,31,0,31,31,24,0.084156,0.112177,0,0.000113,0,2565,0
7_119,,,3,0,3,3,0,3,0,0,0,0,0.000391,0,1011,0.038463
20_47,,,3,0,3,3,0,3,0,0,0,0,0.000319,0,2564,0.022129
20_63,,,1,0,1,1,0,1,0,0,0,0,0.000116,0,2563,0.005871
20_86,,,1,0,1,1,0,1,0,0,0,0,0.000116,0,2562,0.005871
20_96,,,1,1,2,1,1,2,1,1,1,0,0.000116,0,2561,0.005871
20_97,,,1,0,1,1,0,1,0,0,0,0,0.000116,0,2560,0.005871
26_40,,,1,0,1,1,0,1,0,0,0,0,0.000116,0,2559,0.005871
26_44,,,2,0,2,2,0,2,0,0,0,0,0.000215,0,1417,0.046078
26_154,,,1,2,3,1,2,3,1,1,1,0,0.000116,0,2558,0.005871
28_9,,,1,0,1,1,0,1,0,0,0,0,0.000116,0,2556,0.005871
28_12,,,1,0,1,1,0,1,0,0,0,0,0.000116,0,2555,0.005871
28_15,,,1,0,1,1,0,1,0,0,0,0,0.000116,0,2554,0.005871
28_16,,,1,0,1,1,0,1,0,0,0,0,0.000116,0,2553,0.005871
28_18,,,1,0,1,1,0,1,0,0,0,0,0.000116,0,2552,0.005871
28_19,,,2,0,2,2,0,2,0,0,0,0,0.000176,0,2171,0.018967
28_22,,,1,0,1,1,0,1,0,0,0,0,0.000116,0,2551,0.005871
28_25,,,1,1,2,1,1,2,1,1,1,0,0.000116,0,2550,0.005871
28_27,,,1,0,1,1,0,1,0,0,0,0,0.000116,0,2549,0.005871
20_48,,,0,8,8,0,8,8,1,1,1,0,0.000113,0,2569,0
92_14,,,1,0,1,1,0,1,0,0,0,0,0.000125,0,2568,0.005871
92_15,,,1,0,1,1,0,1,0,0,0,0,0.000125,0,2567,0.005871
92_16,,,1,0,1,1,0,1,0,0,0,0,0.000125,0,2566,0.005871
20_53,,,0,1,1,0,1,1,1,1,1,0,0.000113,0,2570,0
20_56,,,0,1,1,0,1,1,1,1,1,0,0.000113,0,2571,0
10_79,,,1,0,1,1,0,1,0,0,0,0,0.000151,0,2048,0.010387
26_41,,,1,0,1,1,0,1,0,0,0,0,0.000151,0,2047,0.010387
26_42,,,1,6,7,1,6,7,2,0.875,0.928571,0.000001,0.000151,0,2046,0.010387
20_70,,,0,2,2,0,2,2,1,1,1,0,0.000113,0,2572,0
87_11,,,2,0,2,2,0,2,0,0,0,0,0.000239,0,684,0.13211
87_12,,,2,0,2,2,0,2,0,0,0,0,0.000239,0,683,0.13211
87_13,,,2,2,4,2,2,4,3,0.5,0.560606,0,0.000239,0,687,0.13211
26_54,,,1,0,1,1,0,1,0,0,0,0,0.000217,0,664,0.038839
26_55,,,1,0,1,1,0,1,0,0,0,0,0.000217,0,663,0.038839
26_60,,,1,0,1,1,0,1,0,0,0,0,0.000217,0,662,0.038839
20_78,,,0,3,3,0,3,3,27,0.06526,0.073935,0,0.000113,0,2573,0
20_82,,,1,1,2,1,1,2,2,0.6,0.666667,0.000001,0.000187,0,1368,0.0153
90_17,,,1,2,3,1,2,3,1,1,1,0.000001,0.000272,0,1367,0.013138
20_83,,,0,2,2,0,2,2,1,1,1,0,0.000113,0,2574,0
20_98,,,0,5,5,0,5,5,19,0.103692,0.118104,0,0.000113,0,2576,0
72_28,,,2,2,4,2,2,4,19,0.105576,0.116804,0.000101,0.000156,0,2575,0.011742
20_99,,,1,1,2,1,1,2,1,1,1,0,0.000166,0,2268,0.019245
20_100,,,0,2,2,0,2,2,18,0.101856,0.11359,0,0.000113,0,2577,0
20_109,,,0,5,5,0,5,5,21,0.096159,0.113454,0,0.000113,0,2578,0
20_114,,,1,5,6,1,5,6,1,1,1,0,0.000244,0,2583,0.012558
75_1,,,2,0,2,2,0,2,0,0,0,0,0.000184,0,2582,0.027461
75_16,,,1,1,2,1,1,2,2,0.555556,0.6,0,0.000154,0,2583,0.012558
75_17,,,1,0,1,1,0,1,0,0,0,0,0.000154,0,2581,0.012558
75_18,,,1,0,1,1,0,1,0,0,0,0,0.000154,0,2580,0.012558
75_19,,,1,0,1,1,0,1,0,0,0,0,0.000154,0,2579,0.012558
20_122,,,0,1,1,0,1,1,21,0.087028,0.09824,0,0.000113,0,2584,0
20_127,,,0,1,1,0,1,1,5,0.378378,0.442857,0,0.000113,0,2585,0
93_5,,,2,0,2,2,0,2,0,0,0,0,0.000392,0,41,0.085268
15_87,,,1,0,1,1,0,1,0,0,0,0,0.000269,0,1075,0.074881
20_133,,,1,2,3,1,2,3,19,0.091438,0.101239,0.000055,0.000196,0,2587,0.012558
29_50,,,1,3,4,1,3,4,19,0.092696,0.104568,0.000119,0.000196,0,2586,0.012558
29_51,,,1,2,3,1,2,3,20,0.090059,0.099626,0.000036,0.000196,0,2587,0.012558
6_155,,,2,0,2,2,0,2,0,0,0,0,0.000156,0,565,0.030399
20_135,,,0,2,2,0,2,2,1,1,1,0,0.000113,0,2588,0
54_26,,,6,0,6,6,0,6,0,0,0,0,0.00035,0,2466,0.044258
54_2,,,1,0,1,1,0,1,0,0,0,0,0.00028,0,93,0.081685
17_48,,,3,0,3,3,0,3,0,0,0,0,0.000584,0,740,0.078196
21_6,,,0,2,2,0,2,2,21,0.093801,0.10216,0,0.000113,0,2589,0
21_7,,,0,3,3,0,3,3,22,0.084924,0.096973,0,0.000113,0,2590,0
21_10,,,2,1,3,2,1,3,19,0.092035,0.1012,0.000328,0.00035,0,1081,0.048109
43_44,,,2,2,4,2,2,4,18,0.101358,0.114746,0.000471,0.000441,0,1081,0.052524
21_16,,,0,2,2,0,2,2,1,1,1,0,0.000113,0,2591,0
17_43,,,1,0,1,1,0,1,0,0,0,0,0.000277,0,2441,0.022787
21_19,,,0,1,1,0,1,1,23,0.080864,0.089783,0,0.000113,0,2592,0
21_20,,,0,1,1,0,1,1,4,0.37037,0.425,0,0.000113,0,2593,0
21_22,,,0,1,1,0,1,1,2,0.666667,0.75,0,0.000113,0,2595,0
23_91,,,1,1,2,1,1,2,1,1,1,0,0.000208,0,2594,0.005871
50_6,,,2,2,4,2,2,4,1,1,1,0.000158,0.000266,0,357,0.028387
51_47,,,5,0,5,5,0,5,0,0,0,0,0.000557,0,353,0.089028
91_5,,,1,2,3,1,2,3,1,1,1,0.000006,0.00017,0,354,0.022516
21_33,,,0,2,2,0,2,2,20,0.096367,0.111403,0,0.000113,0,2596,0
7_41,,,3,0,3,3,0,3,0,0,0,0,0.000286,0,2320,0.064785
39_16,,,2,2,4,2,2,4,26,0.071694,0.082012,0.00032,0.0002,0,2321,0.040823
21_41,,,0,1,1,0,1,1,3,0.466667,0.52381,0,0.000113,0,2597,0
21_49,,,0,2,2,0,2,2,1,1,1,0,0.000113,0,2598,0
21_63,,,1,1,2,1,1,2,1,1,1,0,0.00075,39,2599,0.012558
37_89,,,1,1,2,1,1,2,1,1,1,0,0.00075,39,2599,0.012558
21_67,,,0,1,1,0,1,1,22,0.085892,0.092486,0,0.000113,0,2600,0
21_68,,,0,1,1,0,1,1,2,0.666667,0.75,0,0.000113,0,2601,0
21_71,,,0,1,1,0,1,1,1,1,1,0,0.000113,0,2602,0
37_100,,,1,0,1,1,0,1,0,0,0,0,0.000193,0,375,0.05187
21_74,,,0,1,1,0,1,1,1,1,1,0,0.000113,40,2604,0
29_26,,,1,0,1,1,0,1,0,0,0,0,0.000208,40,2603,0.005871
21_76,,,0,4,4,0,4,4,2,0.642857,0.722222,0,0.000113,0,2605,0
21_79,,,0,2,2,0,2,2,26,0.070775,0.078626,0,0.000113,0,2607,0
38_26,,,1,0,1,1,0,1,0,0,0,0,0.000161,0,2606,0.005871
21_80,,,0,2,2,0,2,2,1,1,1,0,0.000113,41,2610,0
34_10,,,2,0,2,2,0,2,0,0,0,0,0.000256,41,2609,0.011742
34_11,,,1,0,1,1,0,1,0,0,0,0,0.000161,41,2608,0.005871
21_81,,,0,2,2,0,2,2,1,1,1,0,0.000113,32,2612,0
38_36,,,1,0,1,1,0,1,0,0,0,0,0.000161,32,2611,0.005871
21_82,,,0,2,2,0,2,2,1,1,1,0,0.000113,0,2613,0
21_84,,,0,1,1,0,1,1,1,1,1,0,0.000113,42,2615,0
38_42,,,1,0,1,1,0,1,0,0,0,0,0.000208,42,2614,0.005871
37_141,,,1,0,1,1,0,1,0,0,0,0,0.000151,0,887,0.033846
37_145,,,1,0,1,1,0,1,0,0,0,0,0.000151,0,886,0.033846
21_92,,,1,3,4,1,3,4,23,0.076859,0.084831,0.000101,0.000208,0,2617,0.005871
23_52,,,1,0,1,1,0,1,0,0,0,0,0.000172,0,2616,0.010387
21_94,,,0,1,1,0,1,1,1,1,1,0,0.000113,0,2618,0
11_106,,,1,0,1,1,0,1,0,0,0,0,0.000221,0,1173,0.025317
21_101,,,2,14,16,2,14,16,22,0.089373,0.105259,0.0001,0.000147,0,2621,0.038117
21_100,,,1,0,1,1,0,1,0,0,0,0,0.000122,0,2620,0.022699
43_57,,,1,3,4,1,3,4,23,0.082087,0.092628,0,0.000122,0,2621,0.022699
43_58,,,1,0,1,1,0,1,0,0,0,0,0.000122,0,2619,0.022699
37_103,,,1,0,1,1,0,1,0,0,0,0,0.000217,0,206,0.013186
21_107,,,0,3,3,0,3,3,23,0.088898,0.099646,0,0.000113,0,2622,0
21_109,,,0,2,2,0,2,2,20,0.093758,0.104135,0,0.000113,0,2624,0
8_58,,,1,0,1,1,0,1,0,0,0,0,0.000161,0,2623,0.005871
21_112,,,0,1,1,0,1,1,1,1,1,0,0.000113,0,2626,0
7_89,,,2,0,2,2,0,2,0,0,0,0,0.000228,0,2625,0.011742
40_33,,,1,2,3,1,2,3,3,0.571429,0.708333,0.000002,0.000132,0,1171,0.03393
56_4,,,1,2,3,1,2,3,23,0.079777,0.094682,0,0.000132,0,1172,0.03393
56_5,,,1,1,2,1,1,2,1,1,1,0,0.000132,0,1170,0.03393
56_6,,,1,0,1,1,0,1,0,0,0,0,0.000132,0,1169,0.03393
69_14,,,2,0,2,2,0,2,0,0,0,0,0.00019,0,1132,0.062284
69_15,,,5,0,5,5,0,5,0,0,0,0,0.000288,0,657,0.075841
99_1,,,2,1,3,2,1,3,23,0.079773,0.094402,0,0.000188,0,1172,0.052384
99_2,,,1,2,3,1,2,3,1,1,1,0.000003,0.000132,0,1168,0.03393
22_5,,,7,1,8,7,1,8,1,1,1,0.000001,0.000515,0,1913,0.048876
22_6,,,1,1,2,1,1,2,1,1,1,0,0.000129,0,2627,0.005871
22_7,,,1,4,5,1,4,5,1,1,1,0,0.000129,0,2629,0.005871
41_39,,,2,0,2,2,0,2,0,0,0,0,0.000172,0,2628,0.016258
22_9,,,1,6,7,1,6,7,3,0.631579,0.736111,0.000005,0.0002,0,2175,0.021516
31_7,,,1,0,1,1,0,1,0,0,0,0,0.000141,0,2173,0.015113
31_18,,,1,2,3,1,2,3,1,1,1,0.000001,0.000141,0,2172,0.015113
51_38,,,1,0,1,1,0,1,0,0,0,0,0.000141,0,2170,0.015113
51_39,,,2,2,4,2,2,4,4,0.428571,0.506944,0.000005,0.000205,0,2175,0.035109
63_5,,,1,0,1,1,0,1,0,0,0,0,0.000141,0,2169,0.015113
22_10,,,0,4,4,0,4,4,4,0.435897,0.544118,0,0.000113,0,2630,0
22_15,,,0,2,2,0,2,2,1,1,1,0,0.000113,0,2631,0
22_16,,,0,1,1,0,1,1,4,0.36,0.435185,0,0.000113,0,2632,0
22_18,,,1,3,4,1,3,4,23,0.084368,0.097899,0.000109,0.000228,0,1081,0.027262
32_20,,,1,1,2,1,1,2,1,1,1,0,0.000828,0,2141,0.02242
76_22,,,1,2,3,1,2,3,2,0.75,0.833333,0.000079,0.000369,0,520,0.027296
22_24,,,0,7,7,0,7,7,25,0.071749,0.081089,0,0.000113,0,2633,0
23_20,,,2,0,2,2,0,2,0,0,0,0,0.000185,0,457,0.089128
105_4,,,1,0,1,1,0,1,0,0,0,0,0.00015,0,456,0.078741
105_5,,,1,0,1,1,0,1,0,0,0,0,0.00015,0,455,0.078741
22_27,,,0,2,2,0,2,2,2,0.75,0.833333,0,0.000113,0,2634,0
22_28,,,1,8,9,1,8,9,20,0.098678,0.117066,0.000036,0.000134,0,2637,0.012558
22_36,,,1,5,6,1,5,6,20,0.095005,0.110577,0,0.000127,0,2637,0.012558
89_1,,,1,0,1,1,0,1,0,0,0,0,0.000127,0,2636,0.012558
89_2,,,1,0,1,1,0,1,0,0,0,0,0.000127,0,2635,0.012558
22_33,,,0,2,2,0,2,2,1,1,1,0,0.000113,0,2638,0
22_34,,,0,1,1,0,1,1,3,0.454545,0.533333,0,0.000113,0,2639,0
36_73,,,2,0,2,2,0,2,0,0,0,0,0.00016,0,2383,0.025116
22_38,,,0,2,2,0,2,2,24,0.080643,0.091236,0,0.000113,0,2640,0
47_8,,,1,0,1,1,0,1,0,0,0,0,0.000165,0,1208,0.055883
22_41,,,0,2,2,0,2,2,4,0.375,0.472222,0,0.000113,0,2642,0
28_83,,,1,0,1,1,0,1,0,0,0,0,0.000161,0,2641,0.005871
22_44,,,0,2,2,0,2,2,33,0.047378,0.052018,0,0.000113,0,2643,0
22_47,,,2,3,5,2,3,5,20,0.090961,0.100444,0.000912,0.00037,0,1081,0.099484
32_5,,,1,1,2,1,1,2,23,0.080786,0.090805,0.000871,0.000218,0,1081,0.035179
22_51,,,0,2,2,0,2,2,27,0.065191,0.073211,0,0.000113,0,2644,0
22_52,,,0,4,4,0,4,4,18,0.100427,0.112339,0,0.000113,0,2645,0
22_54,,,0,1,1,0,1,1,1,1,1,0,0.000113,0,2646,0
22_55,,,0,3,3,0,3,3,20,0.102002,0.120882,0,0.000113,0,2648,0
22_56,,,1,0,1,1,0,1,0,0,0,0,0.000145,0,2647,0.005871
22_57,,,0,1,1,0,1,1,19,0.099326,0.108209,0,0.000113,0,2649,0
22_58,,,0,4,4,0,4,4,23,0.07268,0.079611,0,0.000113,0,2652,0
3_169,,,1,0,1,1,0,1,0,0,0,0,0.000137,0,2651,0.005871
4_100,,,1,0,1,1,0,1,0,0,0,0,0.000137,0,2650,0.005871
3_27,,,1,0,1,1,0,1,0,0,0,0,0.000223,0,719,0.036461
22_62,,,0,2,2,0,2,2,22,0.087026,0.102239,0,0.000113,0,2653,0
22_66,,,0,3,3,0,3,3,23,0.080277,0.096698,0,0.000113,0,2654,0
22_67,,,0,2,2,0,2,2,24,0.071347,0.077159,0,0.000113,0,2656,0
28_87,,,1,0,1,1,0,1,0,0,0,0,0.000161,0,2655,0.005871
22_68,,,0,2,2,0,2,2,20,0.10018,0.113967,0,0.000113,0,2661,0
46_8,,,1,9,10,1,9,10,21,0.089859,0.103273,0.000029,0.000161,0,2660,0.005871
22_69,,,0,1,1,0,1,1,21,0.085878,0.093666,0,0.000113,0,2663,0
42_15,,,1,2,3,1,2,3,20,0.093893,0.104814,0.000103,0.000208,0,2662,0.005871
22_71,,,0,1,1,0,1,1,1,1,1,0,0.000113,0,2665,0
23_117,,,3,0,3,3,0,3,0,0,0,0,0.000268,0,2664,0.017613
22_76,,,0,4,4,0,4,4,18,0.109725,0.124646,0,0.000113,0,2666,0
2_21,,,2,0,2,2,0,2,0,0,0,0,0.000447,0,360,0.136509
23_3,,,0,1,1,0,1,1,1,1,1,0,0.000113,0,2667,0
25_72,,,2,0,2,2,0,2,0,0,0,0,0.000228,0,637,0.09892
23_4,,,0,5,5,0,5,5,2,0.55102,0.592593,0,0.000113,0,2668,0
30_20,,,2,0,2,2,0,2,0,0,0,0,0.00038,0,648,0.049942
32_7,,,1,0,1,1,0,1,0,0,0,0,0.000149,0,646,0.044071
32_8,,,1,0,1,1,0,1,0,0,0,0,0.000149,0,645,0.044071
77_20,,,3,0,3,3,0,3,0,0,0,0,0.000204,0,644,0.088093
77_21,,,3,0,3,3,0,3,0,0,0,0,0.000286,0,643,0.088093
77_22,,,2,0,2,2,0,2,0,0,0,0,0.00019,0,642,0.082222
77_23,,,1,0,1,1,0,1,0,0,0,0,0.000149,0,641,0.044071
23_15,,,0,1,1,0,1,1,25,0.069191,0.07632,0,0.000113,0,2671,0
29_20,,,1,3,4,1,3,4,24,0.074292,0.083671,0.000101,0.000208,0,2670,0.005871
23_17,,,0,5,5,0,5,5,22,0.087499,0.103272,0,0.000113,0,2672,0
71_15,,,3,0,3,3,0,3,0,0,0,0,0.000371,0,59,0.123976
23_19,,,0,1,1,0,1,1,22,0.089008,0.09734,0,0.000113,0,2673,0
23_26,,,0,1,1,0,1,1,1,1,1,0,0.000113,0,2674,0
23_41,,,0,2,2,0,2,2,2,0.75,0.833333,0,0.000113,0,2676,0
43_76,,,1,0,1,1,0,1,0,0,0,0,0.000161,0,2675,0.005871
34_19,,,1,5,6,1,5,6,19,0.102318,0.119241,0.001611,0.00016,0,1081,0.02089
23_49,,,0,1,1,0,1,1,5,0.346154,0.42037,0,0.000113,0,2677,0
23_50,,,0,1,1,0,1,1,2,0.666667,0.75,0,0.000113,34,2678,0
23_54,,,0,2,2,0,2,2,3,0.5,0.595238,0,0.000113,0,2679,0
34_37,,,2,0,2,2,0,2,0,0,0,0,0.000245,0,296,0.115942
68_45,,,1,0,1,1,0,1,0,0,0,0,0.000143,0,293,0.095409
74_11,,,3,0,3,3,0,3,0,0,0,0,0.000168,0,292,0.15195
74_12,,,3,0,3,3,0,3,0,0,0,0,0.000168,0,291,0.15195
74_13,,,3,0,3,3,0,3,0,0,0,0,0.000168,0,290,0.15195
74_14,,,3,0,3,3,0,3,0,0,0,0,0.000168,0,289,0.15195
74_15,,,3,0,3,3,0,3,0,0,0,0,0.000168,0,288,0.15195
74_16,,,3,0,3,3,0,3,0,0,0,0,0.000168,0,287,0.15195
23_58,,,0,1,1,0,1,1,24,0.078055,0.084989,0,0.000113,0,2680,0
23_64,,,0,4,4,0,4,4,3,0.5625,0.685185,0,0.000113,0,2685,0
38_3,,,1,2,3,1,2,3,1,1,1,0,0.000137,0,2684,0.005871
73_11,,,2,1,3,2,1,3,2,0.6,0.666667,0,0.000171,0,2683,0.016258
73_12,,,1,0,1,1,0,1,0,0,0,0,0.000137,0,2682,0.005871
73_13,,,1,0,1,1,0,1,0,0,0,0,0.000137,0,2681,0.005871
40_12,,,4,1,5,4,1,5,26,0.064912,0.072229,0.000308,0.000325,0,1081,0.195057
23_71,,,1,4,5,1,4,5,2,0.666667,0.75,0.000001,0.000186,0,1874,0.012071
23_72,,,0,5,5,0,5,5,28,0.061703,0.070307,0,0.000113,0,2691,0
34_47,,,1,0,1,1,0,1,0,0,0,0,0.000132,0,2690,0.005871
36_20,,,2,0,2,2,0,2,0,0,0,0,0.000228,0,2689,0.011742
36_21,,,1,0,1,1,0,1,0,0,0,0,0.000132,0,2688,0.005871
38_86,,,2,0,2,2,0,2,0,0,0,0,0.000232,0,1301,0.016258
42_23,,,2,2,4,2,2,4,27,0.065572,0.074376,0.000295,0.000167,0,2687,0.016258
23_75,,,1,4,5,1,4,5,26,0.064998,0.073603,0,0.000132,0,2692,0.005871
6_29,,,2,0,2,2,0,2,0,0,0,0,0.000284,0,153,0.120439
23_76,,,0,1,1,0,1,1,1,1,1,0,0.000113,43,2694,0
6_43,,,1,0,1,1,0,1,0,0,0,0,0.000208,43,2693,0.005871
23_78,,,0,1,1,0,1,1,3,0.5,0.611111,0,0.000113,0,2695,0
23_83,,,0,7,7,0,7,7,23,0.082996,0.100111,0,0.000113,0,2696,0
23_84,,,0,1,1,0,1,1,29,0.054868,0.06185,0,0.000113,0,2697,0
23_89,,,0,1,1,0,1,1,3,0.416667,0.5,0,0.000113,0,2698,0
23_90,,,0,2,2,0,2,2,2,0.666667,0.75,0,0.000113,0,2699,0
42_44,,,1,3,4,1,3,4,26,0.064957,0.073063,0.000001,0.000127,0,1144,0.041297
45_10,,,1,0,1,1,0,1,0,0,0,0,0.000127,0,1143,0.041297
80_34,,,3,0,3,3,0,3,0,0,0,0,0.000302,0,466,0.256198
80_35,,,3,0,3,3,0,3,0,0,0,0,0.000302,0,465,0.256198
80_36,,,3,0,3,3,0,3,0,0,0,0,0.000302,0,464,0.256198
23_105,,,0,3,3,0,3,3,20,0.096244,0.112342,0,0.000113,0,2700,0
23_107,,,2,5,7,2,5,7,21,0.084111,0.099496,0.000457,0.000206,0,1081,0.094239
67_11,,,2,0,2,2,0,2,0,0,0,0,0.000187,0,192,0.103635
23_110,,,1,2,3,1,2,3,2,0.625,0.7,0,0.00015,0,2704,0.012558
83_29,,,1,4,5,1,4,5,2,0.833333,0.9,0,0.000176,0,2704,0.012558
83_30,,,1,0,1,1,0,1,0,0,0,0,0.000176,0,2701,0.012558
75_36,,,3,0,3,3,0,3,0,0,0,0,0.00037,0,763,0.068284
31_10,,,1,0,1,1,0,1,0,0,0,0,0.000183,0,725,0.047685
24_32,,,1,0,1,1,0,1,0,0,0,0,0.00016,0,923,0.024924
24_6,,,0,1,1,0,1,1,1,1,1,0,0.000113,0,2705,0
24_4,,,2,0,2,2,0,2,0,0,0,0,0.000236,0,859,0.019784
12_18,,,1,0,1,1,0,1,0,0,0,0,0.000179,0,833,0.021925
24_13,,,0,1,1,0,1,1,2,0.571429,0.625,0,0.000113,0,2706,0
24_5,,,1,0,1,1,0,1,0,0,0,0,0.00014,0,858,0.013913
24_26,,,1,0,1,1,0,1,0,0,0,0,0.00014,0,857,0.013913
33_57,,,1,0,1,1,0,1,0,0,0,0,0.00014,0,856,0.013913
24_27,,,0,1,1,0,1,1,1,1,1,0,0.000113,0,2707,0
24_30,,,0,3,3,0,3,3,1,1,1,0,0.000113,0,2710,0
70_29,,,1,0,1,1,0,1,0,0,0,0,0.000145,0,2709,0.005871
70_30,,,1,0,1,1,0,1,0,0,0,0,0.000145,0,2708,0.005871
24_31,,,2,1,3,2,1,3,1,1,1,0,0.000304,44,2712,0.011742
33_59,,,1,0,1,1,0,1,0,0,0,0,0.000371,44,2711,0.014903
24_34,,,0,1,1,0,1,1,1,1,1,0,0.000113,0,2713,0
43_56,,,2,0,2,2,0,2,0,0,0,0,0.000242,0,480,0.028394
24_35,,,0,1,1,0,1,1,18,0.101844,0.113207,0,0.000113,0,2714,0
72_18,,,1,0,1,1,0,1,0,0,0,0,0.000157,0,204,0.03586
24_37,,,0,10,10,0,10,10,20,0.095479,0.113477,0,0.000113,0,2725,0
33_23,,,1,2,3,1,2,3,1,1,1,0,0.000122,0,2724,0.005871
40_18,,,1,7,8,1,7,8,20,0.097928,0.114296,0.000085,0.000122,0,2721,0.005871
76_10,,,1,0,1,1,0,1,0,0,0,0,0.000122,0,2716,0.005871
76_12,,,1,0,1,1,0,1,0,0,0,0,0.000122,0,2715,0.005871
24_38,,,0,5,5,0,5,5,27,0.065927,0.077123,0,0.000113,0,2727,0
35_30,,,1,0,1,1,0,1,0,0,0,0,0.000132,0,2726,0.005871
24_41,,,0,1,1,0,1,1,23,0.084278,0.096854,0,0.000113,0,2728,0
24_42,,,0,1,1,0,1,1,1,1,1,0,0.000113,0,2729,0
24_44,,,0,1,1,0,1,1,25,0.064935,0.07079,0,0.000113,0,2730,0
24_48,,,0,2,2,0,2,2,3,0.555556,0.666667,0,0.000113,0,2731,0
24_53,,,0,4,4,0,4,4,1,1,1,0,0.000113,0,2735,0
59_11,,,1,0,1,1,0,1,0,0,0,0,0.000137,0,2734,0.005871
59_12,,,1,0,1,1,0,1,0,0,0,0,0.000137,0,2733,0.005871
63_2,,,1,0,1,1,0,1,0,0,0,0,0.000137,0,2732,0.005871
24_54,,,0,4,4,0,4,4,3,0.555556,0.666667,0,0.000113,0,2736,0
24_56,,,0,1,1,0,1,1,2,0.666667,0.75,0,0.000113,13,2737,0
24_58,,,0,2,2,0,2,2,3,0.387097,0.430556,0,0.000113,0,2738,0
24_60,,,0,1,1,0,1,1,2,0.666667,0.75,0,0.000113,44,2739,0
9_92,,,1,0,1,1,0,1,0,0,0,0,0.000166,0,1110,0.017148
24_63,,,3,4,7,3,4,7,25,0.072324,0.079767,0.000307,0.000369,0,2742,0.032742
49_2,,,1,1,2,1,1,2,26,0.067448,0.072753,0,0.000191,0,2742,0.024176
49_5,,,1,1,2,1,1,2,1,1,1,0,0.000191,0,2741,0.024176
24_64,,,0,17,17,0,17,17,16,0.12199,0.147104,0,0.000113,0,2745,0
26_220,,,1,1,2,1,1,2,28,0.057875,0.064073,0,0.000118,0,2744,0.005871
33_18,,,1,0,1,1,0,1,0,0,0,0,0.000118,0,2743,0.005871
25_3,,,0,6,6,0,6,6,23,0.082637,0.098136,0,0.000113,0,2747,0
36_53,,,2,4,6,2,4,6,22,0.087984,0.10608,0.000075,0.000193,0,1081,0.157819
37_19,,,1,0,1,1,0,1,0,0,0,0,0.000129,0,2746,0.005871
5_74,,,2,0,2,2,0,2,0,0,0,0,0.000281,0,498,0.163694
85_10,,,2,0,2,2,0,2,0,0,0,0,0.000281,0,497,0.163694
67_7,,,1,0,1,1,0,1,0,0,0,0,0.000187,0,1580,0.02136
25_16,,,0,10,10,0,10,10,22,0.08428,0.09986,0,0.000113,0,2752,0
37_62,,,1,3,4,1,3,4,1,1,1,0,0.000122,0,2751,0.005871
37_63,,,1,1,2,1,1,2,1,1,1,0,0.000122,0,2750,0.005871
37_69,,,1,0,1,1,0,1,0,0,0,0,0.000122,0,2749,0.005871
37_70,,,1,0,1,1,0,1,0,0,0,0,0.000122,0,2748,0.005871
40_8,,,2,1,3,2,1,3,2,0.555556,0.6,0.000052,0.000142,0,235,0.024604
25_17,,,1,2,3,1,2,3,27,0.061018,0.06805,0.000052,0.000229,0,1081,0.026334
34_40,,,2,2,4,2,2,4,27,0.061048,0.068302,0.001019,0.000274,0,1081,0.052438
25_19,,,0,2,2,0,2,2,28,0.061175,0.067708,0,0.000113,0,2753,0
84_7,,,1,0,1,1,0,1,0,0,0,0,0.000149,0,136,0.045526
84_8,,,1,0,1,1,0,1,0,0,0,0,0.000149,0,135,0.045526
84_9,,,1,0,1,1,0,1,0,0,0,0,0.000149,0,134,0.045526
69_16,,,2,1,3,2,1,3,1,1,1,0.000079,0.000173,0,656,0.025652
69_17,,,4,0,4,4,0,4,0,0,0,0,0.000559,0,236,0.105604
70_4,,,2,1,3,2,1,3,22,0.078273,0.085709,0.000166,0.00017,0,1125,0.060526
74_9,,,2,0,2,2,0,2,0,0,0,0,0.000514,0,811,0.11411
74_10,,,2,1,3,2,1,3,2,0.666667,0.75,0,0.000514,0,812,0.11411
25_27,,,1,3,4,1,3,4,3,0.583333,0.690476,0,0.000185,0,327,0.060128
17_106,,,2,0,2,2,0,2,0,0,0,0,0.000439,0,452,0.078708
25_36,,,0,1,1,0,1,1,1,1,1,0,0.000113,0,2754,0
25_37,,,0,2,2,0,2,2,2,0.6,0.666667,0,0.000113,0,2755,0
25_38,,,0,1,1,0,1,1,1,1,1,0,0.000113,45,2757,0
23_42,,,1,0,1,1,0,1,0,0,0,0,0.000208,45,2756,0.005871
25_39,,,0,1,1,0,1,1,1,1,1,0,0.000113,0,2758,0
25_40,,,0,5,5,0,5,5,30,0.05843,0.068376,0,0.000113,0,2759,0
26_173,,,2,0,2,2,0,2,0,0,0,0,0.000322,0,1247,0.026368
25_43,,,0,1,1,0,1,1,1,1,1,0,0.000113,0,2760,0
25_45,,,0,2,2,0,2,2,1,1,1,0,0.000113,0,2761,0
25_47,,,0,3,3,0,3,3,22,0.077409,0.085259,0,0.000113,0,2762,0
25_49,,,0,3,3,0,3,3,2,0.714286,0.8,0,0.000113,0,2763,0
25_51,,,0,4,4,0,4,4,18,0.109024,0.123841,0,0.000113,0,2764,0
25_52,,,0,1,1,0,1,1,24,0.080103,0.087211,0,0.000113,0,2765,0
25_53,,,2,4,6,2,4,6,6,0.263889,0.400877,0.000844,0.000375,0,362,0.052145
27_61,,,1,2,3,1,2,3,5,0.316667,0.4,0.000687,0.000192,0,362,0.025299
55_21,,,1,0,1,1,0,1,0,0,0,0,0.000192,0,347,0.025299
36_74,,,1,0,1,1,0,1,0,0,0,0,0.000169,0,2379,0.010387
36_75,,,1,0,1,1,0,1,0,0,0,0,0.000169,0,2378,0.010387
25_57,,,0,1,1,0,1,1,1,1,1,0,0.000113,46,2767,0
81_28,,,1,0,1,1,0,1,0,0,0,0,0.000208,46,2766,0.005871
25_58,,,0,5,5,0,5,5,19,0.123099,0.139189,0,0.000113,0,2768,0
57_3,,,2,2,4,2,2,4,23,0.083134,0.094611,0.000265,0.000288,0,1081,0.051343
67_5,,,4,5,9,4,5,9,24,0.078126,0.09043,0.001223,0.000401,0,1081,0.12755
71_16,,,1,1,2,1,1,2,21,0.093379,0.10605,0,0.000196,0,1081,0.072633
78_13,,,1,0,1,1,0,1,0,0,0,0,0.000196,0,723,0.072633
25_64,,,0,4,4,0,4,4,2,0.7,0.785714,0,0.000113,0,2772,0
32_16,,,2,0,2,2,0,2,0,0,0,0,0.000174,0,2771,0.016258
51_17,,,1,0,1,1,0,1,0,0,0,0,0.000137,0,2770,0.005871
51_18,,,1,2,3,1,2,3,1,1,1,0,0.000137,0,2769,0.005871
25_73,,,1,3,4,1,3,4,24,0.082964,0.092268,0.000076,0.000147,0,1081,0.056917
26_5,,,1,3,4,1,3,4,21,0.085429,0.095844,0.001667,0.00033,0,1081,0.046617
26_6,,,0,1,1,0,1,1,22,0.088114,0.098237,0,0.000113,0,2774,0
26_227,,,1,8,9,1,8,9,21,0.096572,0.111889,0.000101,0.000208,0,2773,0.005871
26_12,,,0,12,12,0,12,12,4,0.580645,0.782407,0,0.000113,0,2779,0
20_25,,,1,0,1,1,0,1,0,0,0,0,0.000121,0,2778,0.005871
20_26,,,2,0,2,2,0,2,0,0,0,0,0.000326,0,425,0.020314
20_28,,,2,0,2,2,0,2,0,0,0,0,0.000152,0,424,0.024674
20_30,,,2,0,2,2,0,2,0,0,0,0,0.000152,0,423,0.024674
20_31,,,2,0,2,2,0,2,0,0,0,0,0.000152,0,422,0.024674
20_32,,,2,0,2,2,0,2,0,0,0,0,0.000152,0,421,0.024674
20_33,,,1,0,1,1,0,1,0,0,0,0,0.000121,0,2777,0.005871
20_34,,,1,0,1,1,0,1,0,0,0,0,0.000121,0,2776,0.005871
20_35,,,1,0,1,1,0,1,0,0,0,0,0.000121,0,2775,0.005871
26_15,,,0,2,2,0,2,2,19,0.091669,0.10218,0,0.000113,0,2782,0
28_35,,,1,8,9,1,8,9,18,0.100805,0.116284,0.000101,0.000161,0,2781,0.005871
26_16,,,0,1,1,0,1,1,1,1,1,0,0.000113,0,2783,0
20_49,,,1,0,1,1,0,1,0,0,0,0,0.000148,0,709,0.029077
43_46,,,1,0,1,1,0,1,0,0,0,0,0.000148,0,708,0.029077
26_28,,,0,1,1,0,1,1,33,0.047375,0.051632,0,0.000113,0,2784,0
26_39,,,0,2,2,0,2,2,24,0.068986,0.074043,0,0.000113,0,2785,0
26_45,,,0,7,7,0,7,7,34,0.045385,0.052227,0,0.000113,0,2789,0
7_120,,,1,0,1,1,0,1,0,0,0,0,0.000126,0,2788,0.005871
7_121,,,1,0,1,1,0,1,0,0,0,0,0.000126,0,2787,0.005871
7_122,,,1,0,1,1,0,1,0,0,0,0,0.000126,0,2786,0.005871
72_10,,,3,0,3,3,0,3,0,0,0,0,0.000299,0,765,0.072541
26_82,,,0,1,1,0,1,1,19,0.098528,0.110159,0,0.000113,0,2790,0
26_84,,,0,5,5,0,5,5,19,0.095564,0.107624,0,0.000113,0,2794,0
37_108,,,1,0,1,1,0,1,0,0,0,0,0.000132,0,2793,0.005871
37_109,,,1,0,1,1,0,1,0,0,0,0,0.000132,0,2792,0.005871
37_110,,,1,0,1,1,0,1,0,0,0,0,0.000132,0,2791,0.005871
26_86,,,0,3,3,0,3,3,23,0.081384,0.089227,0,0.000113,0,2795,0
26_89,,,0,1,1,0,1,1,23,0.081625,0.08974,0,0.000113,0,2796,0
26_98,,,0,1,1,0,1,1,1,1,1,0,0.000113,0,2797,0
26_102,,,0,1,1,0,1,1,1,1,1,0,0.000113,0,2798,0
38_64,,,2,0,2,2,0,2,0,0,0,0,0.000259,0,1001,0.02783
26_118,,,1,5,6,1,5,6,1,1,1,0,0.000125,0,2799,0.005871
26_123,,,1,1,2,1,1,2,2,0.666667,0.75,0.000002,0.000196,0,1232,0.020739
26_136,,,0,4,4,0,4,4,21,0.096257,0.108488,0,0.000113,0,2800,0
26_137,,,0,3,3,0,3,3,2,0.571429,0.625,0,0.000113,0,2801,0
26_139,,,0,9,9,0,9,9,3,0.64,0.760417,0,0.000113,0,2803,0
53_50,,,1,5,6,1,5,6,3,0.545455,0.666667,0,0.000123,0,2802,0.005871
71_4,,,3,0,3,3,0,3,0,0,0,0,0.000191,0,364,0.042668
54_25,,,3,0,3,3,0,3,0,0,0,0,0.000207,0,2557,0.022129
26_167,,,0,1,1,0,1,1,1,1,1,0,0.000113,47,2805,0
7_82,,,1,0,1,1,0,1,0,0,0,0,0.000208,47,2804,0.005871
26_176,,,0,2,2,0,2,2,2,0.75,0.833333,0,0.000113,0,2807,0
50_12,,,1,0,1,1,0,1,0,0,0,0,0.000161,0,2806,0.005871
50_14,,,2,1,3,2,1,3,1,1,1,0,0.000244,0,1229,0.02661
26_183,,,0,1,1,0,1,1,1,1,1,0,0.000113,0,2808,0
26_184,,,0,2,2,0,2,2,30,0.058247,0.065908,0,0.000113,0,2810,0
37_126,,,1,0,1,1,0,1,0,0,0,0,0.000161,0,2809,0.005871
26_196,,,0,2,2,0,2,2,25,0.076106,0.085646,0,0.000113,0,2811,0
26_199,,,1,5,6,1,5,6,21,0.097445,0.108908,0.004543,0.000503,0,1081,0.232888
26_203,,,0,7,7,0,7,7,22,0.108257,0.127306,0,0.000113,0,2812,0
26_204,,,0,2,2,0,2,2,23,0.077665,0.083481,0,0.000113,0,2813,0
26_209,,,0,2,2,0,2,2,19,0.106513,0.124769,0,0.000113,0,2815,0
28_59,,,1,6,7,1,6,7,18,0.115873,0.139091,0.000067,0.000161,0,2814,0.005871
26_211,,,3,1,4,3,1,4,23,0.091796,0.10468,0.000535,0.000211,0,2347,0.039604
26_212,,,3,3,6,3,3,6,1,1,1,0.000002,0.000211,0,2346,0.039604
72_8,,,2,0,2,2,0,2,0,0,0,0,0.000224,0,767,0.049321
72_9,,,2,0,2,2,0,2,0,0,0,0,0.000224,0,766,0.049321
36_6,,,1,1,2,1,1,2,19,0.100023,0.11005,0.000428,0.000167,0,1081,0.058006
52_48,,,1,0,1,1,0,1,0,0,0,0,0.000271,0,760,0.03548
26_223,,,0,1,1,0,1,1,23,0.08007,0.090886,0,0.000113,0,2816,0
26_224,,,0,8,8,0,8,8,23,0.098664,0.117874,0,0.000113,0,2835,0
40_2,,,2,0,2,2,0,2,0,0,0,0,0.000131,0,2834,0.011742
69_40,,,1,7,8,1,7,8,22,0.096036,0.112557,0.000051,0.000125,0,2833,0.005871
69_41,,,1,0,1,1,0,1,0,0,0,0,0.000125,0,2819,0.005871
69_42,,,1,0,1,1,0,1,0,0,0,0,0.000125,0,2818,0.005871
69_43,,,1,0,1,1,0,1,0,0,0,0,0.000125,0,2817,0.005871
26_210,,,3,0,3,3,0,3,0,0,0,0,0.000211,0,2348,0.039604
27_2,,,0,2,2,0,2,2,23,0.087826,0.096888,0,0.000113,0,2836,0
27_4,,,0,1,1,0,1,1,27,0.064908,0.072837,0,0.000113,0,2837,0
27_6,,,0,1,1,0,1,1,25,0.076006,0.084837,0,0.000113,0,2838,0
27_40,,,0,3,3,0,3,3,2,0.714286,0.8,0,0.000113,0,2840,0
30_44,,,2,0,2,2,0,2,0,0,0,0,0.00024,0,2839,0.011742
40_36,,,2,1,3,2,1,3,32,0.049681,0.054829,0.000104,0.0002,0,1081,0.030888
40_37,,,2,0,2,2,0,2,0,0,0,0,0.0002,0,705,0.030888
27_45,,,0,2,2,0,2,2,1,1,1,0,0.000113,0,2841,0
7_75,,,2,0,2,2,0,2,0,0,0,0,0.000181,0,1760,0.029838
7_76,,,2,0,2,2,0,2,0,0,0,0,0.000181,0,1759,0.029838
27_47,,,1,4,5,1,4,5,23,0.079755,0.087932,0,0.000154,0,2843,0.012558
36_18,,,1,0,1,1,0,1,0,0,0,0,0.000145,0,2842,0.012558
36_19,,,1,3,4,1,3,4,23,0.079751,0.087645,0,0.000145,0,2843,0.012558
54_29,,,2,1,3,2,1,3,1,1,1,0,0.001102,0,2018,0.031803
91_12,,,2,1,3,2,1,3,1,1,1,0,0.001102,0,2018,0.031803
27_55,,,0,2,2,0,2,2,1,1,1,0,0.000113,0,2844,0
27_59,,,0,3,3,0,3,3,1,1,1,0,0.000113,48,2848,0
37_180,,,1,0,1,1,0,1,0,0,0,0,0.000145,48,2847,0.005871
37_181,,,1,0,1,1,0,1,0,0,0,0,0.000145,48,2846,0.005871
37_182,,,1,0,1,1,0,1,0,0,0,0,0.000145,48,2845,0.005871
16_17,,,1,0,1,1,0,1,0,0,0,0,0.000161,0,2327,0.014231
29_63,,,1,0,1,1,0,1,0,0,0,0,0.000161,0,2326,0.014231
6_97,,,1,0,1,1,0,1,0,0,0,0,0.000174,0,1813,0.010387
16_16,,,1,0,1,1,0,1,0,0,0,0,0.000174,0,1812,0.010387
27_64,,,0,8,8,0,8,8,24,0.081389,0.092441,0,0.000113,0,2852,0
20_54,,,1,0,1,1,0,1,0,0,0,0,0.000125,0,2851,0.005871
86_11,,,1,0,1,1,0,1,0,0,0,0,0.000125,0,2850,0.005871
86_12,,,1,0,1,1,0,1,0,0,0,0,0.000125,0,2849,0.005871
27_66,,,0,2,2,0,2,2,24,0.077644,0.08612,0,0.000113,0,2853,0
27_72,,,0,2,2,0,2,2,23,0.078317,0.089138,0,0.000113,0,2854,0
27_74,,,0,3,3,0,3,3,23,0.088866,0.099905,0,0.000113,0,2855,0
27_75,,,0,1,1,0,1,1,1,1,1,0,0.000113,0,2856,0
27_76,,,0,1,1,0,1,1,2,0.666667,0.75,0,0.000113,0,2857,0
27_83,,,0,2,2,0,2,2,6,0.248,0.314516,0,0.000113,0,2858,0
27_84,,,0,5,5,0,5,5,1,1,1,0,0.000113,0,2860,0
77_37,,,1,0,1,1,0,1,0,0,0,0,0.000132,0,2859,0.005871
41_40,,,3,0,3,3,0,3,0,0,0,0,0.000276,0,118,0.044561
10_104,,,1,0,1,1,0,1,0,0,0,0,0.000247,0,944,0.033481
27_92,,,0,4,4,0,4,4,23,0.088238,0.101842,0,0.000113,0,2862,0
28_3,,,1,1,2,1,1,2,22,0.094289,0.105821,0.000089,0.000137,0,2861,0.005871
27_93,,,0,1,1,0,1,1,24,0.074235,0.082638,0,0.000113,0,2863,0
41_53,,,2,1,3,2,1,3,23,0.080142,0.091172,0.000302,0.000267,0,2669,0.016258
20_39,,,1,0,1,1,0,1,0,0,0,0,0.00055,0,300,0.073891
28_13,,,0,2,2,0,2,2,3,0.45,0.537037,0,0.000113,0,2864,0
28_28,,,0,1,1,0,1,1,2,0.666667,0.75,0,0.000113,0,2865,0
28_31,,,0,3,3,0,3,3,1,1,1,0,0.000113,49,2869,0
20_17,,,1,0,1,1,0,1,0,0,0,0,0.000145,49,2868,0.005871
20_18,,,1,0,1,1,0,1,0,0,0,0,0.000145,49,2867,0.005871
20_20,,,1,0,1,1,0,1,0,0,0,0,0.000145,49,2866,0.005871
33_39,,,1,1,2,1,1,2,19,0.100011,0.110035,0.000098,0.00013,0,2780,0.010387
26_29,,,2,0,2,2,0,2,0,0,0,0,0.000303,0,706,0.111496
28_39,,,0,2,2,0,2,2,2,0.75,0.833333,0,0.000113,0,2871,0
89_13,,,1,0,1,1,0,1,0,0,0,0,0.000161,0,2870,0.005871
69_9,,,1,0,1,1,0,1,0,0,0,0,0.000392,0,1234,0.03702
69_10,,,1,4,5,1,4,5,3,0.666667,0.805556,0.000006,0.000392,0,1233,0.03702
19_52,,,1,0,1,1,0,1,0,0,0,0,0.000165,0,557,0.035953
26_10,,,1,0,1,1,0,1,0,0,0,0,0.000165,0,556,0.035953
23_48,,,1,0,1,1,0,1,0,0,0,0,0.000165,0,1223,0.014565
16_113,,,1,0,1,1,0,1,0,0,0,0,0.000177,0,413,0.017596
28_68,,,0,1,1,0,1,1,27,0.063282,0.067998,0,0.000113,0,2873,0
33_36,,,1,2,3,1,2,3,26,0.067518,0.07353,0.000101,0.000208,0,2872,0.005871
28_78,,,2,3,5,2,3,5,24,0.080415,0.087385,0.000101,0.000219,0,2874,0.020184
39_49,,,1,2,3,1,2,3,23,0.087425,0.096356,0.000201,0.000175,0,2874,0.017489
28_84,,,0,1,1,0,1,1,1,1,1,0,0.000113,50,2876,0
27_90,,,1,0,1,1,0,1,0,0,0,0,0.000208,50,2875,0.005871
29_6,,,0,1,1,0,1,1,1,1,1,0,0.000113,0,2877,0
29_7,,,0,1,1,0,1,1,27,0.065537,0.073844,0,0.000113,0,2878,0
29_10,,,0,3,3,0,3,3,2,0.666667,0.75,0,0.000113,0,2879,0
29_12,,,0,3,3,0,3,3,25,0.073275,0.081225,0,0.000113,0,2880,0
29_14,,,0,2,2,0,2,2,21,0.093801,0.10216,0,0.000113,0,2881,0
36_41,,,3,0,3,3,0,3,0,0,0,0,0.000224,0,836,0.072456
36_42,,,3,2,5,3,2,5,2,0.625,0.7,0,0.000224,0,837,0.072456
36_43,,,1,0,1,1,0,1,0,0,0,0,0.000126,0,1987,0.010387
36_44,,,1,0,1,1,0,1,0,0,0,0,0.000126,0,1986,0.010387
29_17,,,0,2,2,0,2,2,18,0.131708,0.151038,0,0.000113,0,2883,0
66_11,,,1,1,2,1,1,2,26,0.067766,0.074058,0.000004,0.000161,0,2882,0.005871
29_19,,,0,1,1,0,1,1,2,0.666667,0.75,0,0.000113,0,2884,0
29_24,,,0,2,2,0,2,2,1,1,1,0,0.000113,51,2887,0
37_97,,,1,0,1,1,0,1,0,0,0,0,0.000161,51,2886,0.005871
37_98,,,1,0,1,1,0,1,0,0,0,0,0.000161,51,2885,0.005871
43_67,,,1,1,2,1,1,2,27,0.065095,0.072183,0,0.000591,0,1081,0.167059
29_35,,,0,2,2,0,2,2,1,1,1,0,0.000113,0,2888,0
29_36,,,0,1,1,0,1,1,3,0.444444,0.541667,0,0.000113,0,2890,0
60_6,,,1,1,2,1,1,2,2,0.6,0.666667,0,0.000208,0,2889,0.005871
29_44,,,0,2,2,0,2,2,25,0.065477,0.073256,0,0.000113,0,2891,0
29_49,,,0,3,3,0,3,3,21,0.094035,0.103443,0,0.000113,0,2894,0
54_17,,,1,2,3,1,2,3,3,0.5,0.633333,0,0.000145,0,2893,0.005871
29_52,,,1,4,5,1,4,5,1,1,1,0,0.000135,0,2895,0.010387
69_47,,,3,0,3,3,0,3,0,0,0,0,0.000177,0,528,0.040074
29_55,,,1,9,10,1,9,10,25,0.077224,0.092538,0.000421,0.000198,0,2321,0.023962
54_48,,,2,0,2,2,0,2,0,0,0,0,0.000163,0,2319,0.021622
54_49,,,1,5,6,1,5,6,24,0.082748,0.096962,0.000519,0.000131,0,2318,0.015751
29_65,,,1,1,2,1,1,2,1,1,1,0,0.000145,0,2896,0.005871
29_66,,,0,1,1,0,1,1,1,1,1,0,0.000113,38,2897,0
106_1,,,2,1,3,2,1,3,21,0.085291,0.094228,0.000002,0.000205,0,1081,0.070798
106_2,,,2,0,2,2,0,2,0,0,0,0,0.000205,0,945,0.070798
30_4,,,1,8,9,1,10,11,23,0.067084,0.075561,0,0.000113,0,2903,0.012558
30_1,,,1,0,1,1,0,1,0,0,0,0,0.000125,0,2902,0.012558
30_2,,,1,0,1,1,0,1,0,0,0,0,0.000125,0,2901,0.012558
30_3,,,1,0,1,1,0,1,0,0,0,0,0.000125,0,2900,0.012558
30_5,,,1,0,1,1,0,1,0,0,0,0,0.000125,0,2899,0.012558
30_6,,,1,0,1,1,0,1,0,0,0,0,0.000125,0,2898,0.012558
30_10,,,0,3,3,0,3,3,26,0.083134,0.096951,0,0.000113,0,2904,0
30_18,,,1,6,7,1,6,7,21,0.087953,0.100166,0.000342,0.000177,0,1081,0.025955
30_19,,,0,6,6,0,6,6,3,0.592593,0.677083,0,0.000113,0,2905,0
30_24,,,0,1,1,0,1,1,2,0.666667,0.75,0,0.000113,0,2906,0
30_32,,,0,1,1,0,1,1,25,0.066664,0.071318,0,0.000113,0,2907,0
30_33,,,0,1,1,0,1,1,17,0.122037,0.138543,0,0.000113,0,2908,0
30_36,,,0,2,2,0,2,2,2,0.5625,0.611111,0,0.000113,0,2909,0
74_6,,,1,0,1,1,0,1,0,0,0,0,0.00033,0,845,0.014952
30_47,,,0,1,1,0,1,1,4,0.384615,0.483333,0,0.000113,0,2910,0
30_48,,,1,1,2,1,1,2,3,0.5,0.555556,0,0.000208,0,2911,0.005871
30_51,,,0,6,6,0,6,6,1,1,1,0,0.000113,0,2917,0
51_42,,,2,0,2,2,0,2,0,0,0,0,0.000286,0,2001,0.029807
56_63,,,1,0,1,1,0,1,0,0,0,0,0.000129,0,2916,0.005871
56_64,,,1,0,1,1,0,1,0,0,0,0,0.000129,0,2915,0.005871
56_65,,,1,0,1,1,0,1,0,0,0,0,0.000129,0,2914,0.005871
56_66,,,1,0,1,1,0,1,0,0,0,0,0.000129,0,2913,0.005871
56_67,,,1,0,1,1,0,1,0,0,0,0,0.000129,0,2912,0.005871
30_53,,,0,2,2,0,2,2,20,0.084747,0.091463,0,0.000113,0,2919,0
27_80,,,1,0,1,1,0,1,0,0,0,0,0.000161,0,2918,0.005871
30_57,,,0,1,1,0,1,1,23,0.072115,0.080405,0,0.000113,0,2922,0
41_24,,,1,3,4,1,3,4,22,0.077675,0.089069,0.000101,0.000208,0,2921,0.005871
30_58,,,0,2,2,0,2,2,21,0.093801,0.10216,0,0.000113,0,2923,0
30_60,,,0,1,1,0,1,1,24,0.068946,0.073421,0,0.000113,0,2924,0
31_3,,,0,3,3,0,3,3,19,0.109207,0.127652,0,0.000113,0,2925,0
31_12,,,0,1,1,0,1,1,1,1,1,0,0.000113,0,2926,0
2_170,,,1,0,1,1,0,1,0,0,0,0,0.000277,0,1674,0.014329
31_32,,,0,3,3,0,3,3,4,0.363636,0.445833,0,0.000113,0,2927,0
32_13,,,1,1,2,1,1,2,26,0.067653,0.077059,0.000101,0.000161,0,2928,0.005871
32_14,,,0,8,8,0,8,8,2,0.9,0.944444,0,0.000113,0,2935,0
78_24,,,1,0,1,1,0,1,0,0,0,0,0.000125,0,2934,0.005871
78_25,,,1,0,1,1,0,1,0,0,0,0,0.000125,0,2933,0.005871
78_26,,,1,0,1,1,0,1,0,0,0,0,0.000125,0,2932,0.005871
78_27,,,1,0,1,1,0,1,0,0,0,0,0.000125,0,2931,0.005871
78_28,,,1,0,1,1,0,1,0,0,0,0,0.000125,0,2930,0.005871
78_29,,,1,0,1,1,0,1,0,0,0,0,0.000125,0,2929,0.005871
32_18,,,0,3,3,0,3,3,2,0.8,0.875,0,0.000113,0,2936,0
38_28,,,3,0,3,3,0,3,0,0,0,0,0.000408,0,138,0.089456
45_21,,,2,1,3,2,1,3,2,0.6,0.666667,0,0.00036,0,139,0.083585
45_17,,,1,0,1,1,0,1,0,0,0,0,0.000165,0,1221,0.014565
7_92,,,1,0,1,1,0,1,0,0,0,0,0.000142,0,2032,0.016587
80_24,,,1,0,1,1,0,1,0,0,0,0,0.000127,0,2454,0.012558
80_25,,,1,0,1,1,0,1,0,0,0,0,0.000127,0,2453,0.012558
80_26,,,1,0,1,1,0,1,0,0,0,0,0.000127,0,2452,0.012558
80_32,,,1,0,1,1,0,1,0,0,0,0,0.000127,0,2451,0.012558
32_29,,,0,8,8,0,8,8,21,0.093022,0.107192,0,0.000113,0,2939,0
2_89,,,2,0,2,2,0,2,0,0,0,0,0.00022,0,2938,0.011742
40_83,,,1,0,1,1,0,1,0,0,0,0,0.000125,0,2937,0.005871
32_30,,,0,2,2,0,2,2,1,1,1,0,0.000113,0,2941,0
6_106,,,1,0,1,1,0,1,0,0,0,0,0.000161,0,2940,0.005871
58_2,,,1,0,1,1,0,1,0,0,0,0,0.000243,0,227,0.052547
33_5,,,1,4,5,1,4,5,19,0.111646,0.129895,0.002567,0.00025,0,1081,0.084142
4_65,,,2,0,2,2,0,2,0,0,0,0,0.0003,0,1661,0.027379
33_14,,,0,1,1,0,1,1,1,1,1,0,0.000113,0,2942,0
33_13,,,2,0,2,2,0,2,0,0,0,0,0.00026,0,2723,0.016258
33_16,,,0,1,1,0,1,1,2,0.6,0.666667,0,0.000113,0,2943,0
33_22,,,0,1,1,0,1,1,21,0.086481,0.094084,0,0.000113,0,2944,0
33_15,,,1,0,1,1,0,1,0,0,0,0,0.000165,0,2722,0.010387
33_24,,,0,2,2,0,2,2,24,0.074248,0.083196,0,0.000113,0,2945,0
33_26,,,0,1,1,0,1,1,1,1,1,0,0.000113,0,2946,0
33_27,,,0,1,1,0,1,1,26,0.072612,0.079947,0,0.000113,0,2947,0
33_29,,,0,1,1,0,1,1,20,0.098528,0.109639,0,0.000113,0,2948,0
33_30,,,0,4,4,0,4,4,22,0.07996,0.088012,0,0.000113,0,2949,0
23_5,,,1,0,1,1,0,1,0,0,0,0,0.000127,0,916,0.034304
23_6,,,1,0,1,1,0,1,0,0,0,0,0.000127,0,915,0.034304
23_7,,,1,0,1,1,0,1,0,0,0,0,0.000127,0,914,0.034304
30_26,,,1,0,1,1,0,1,0,0,0,0,0.000127,0,913,0.034304
33_41,,,2,2,4,2,2,4,22,0.090043,0.104503,0.001065,0.000152,0,1081,0.055719
33_42,,,2,2,4,2,2,4,22,0.080929,0.089939,0.000338,0.000152,0,1081,0.055719
49_14,,,1,1,2,1,1,2,2,0.555556,0.6,0.00012,0.000127,0,911,0.034304
33_53,,,2,3,5,2,3,5,19,0.106694,0.122433,0.006127,0.000311,0,1081,0.147564
26_221,,,1,0,1,1,0,1,0,0,0,0,0.00023,0,217,0.059647
26_222,,,1,0,1,1,0,1,0,0,0,0,0.00023,0,216,0.059647
2_157,,,2,0,2,2,0,2,0,0,0,0,0.000158,0,238,0.040148
40_9,,,1,0,1,1,0,1,0,0,0,0,0.000133,0,229,0.018733
33_45,,,0,2,2,0,2,2,19,0.105257,0.117586,0,0.000113,0,2950,0
33_50,,,1,5,6,1,5,6,19,0.12137,0.136663,0.000053,0.000137,0,2951,0.005871
33_52,,,0,4,4,0,4,4,19,0.120463,0.134721,0,0.000113,0,2954,0
4_128,,,1,0,1,1,0,1,0,0,0,0,0.000137,0,2953,0.005871
33_51,,,1,0,1,1,0,1,0,0,0,0,0.000137,0,2952,0.005871
33_54,,,0,1,1,0,1,1,1,1,1,0,0.000113,0,2955,0
33_55,,,0,1,1,0,1,1,2,0.666667,0.75,0,0.000113,44,2956,0
94_4,,,2,0,2,2,0,2,0,0,0,0,0.000247,0,228,0.036144
25_28,,,1,0,1,1,0,1,0,0,0,0,0.000185,0,325,0.060128
25_29,,,1,0,1,1,0,1,0,0,0,0,0.000185,0,324,0.060128
34_1,,,1,2,3,1,2,3,1,1,1,0,0.000125,0,2959,0.005871
28_70,,,2,0,2,2,0,2,0,0,0,0,0.000178,0,2958,0.016258
92_13,,,2,0,2,2,0,2,0,0,0,0,0.000178,0,2957,0.016258
34_5,,,0,2,2,0,2,2,2,0.666667,0.75,0,0.000113,0,2960,0
34_6,,,0,3,3,0,3,3,2,0.636364,0.714286,0,0.000113,0,2964,0
36_52,,,1,4,5,1,4,5,1,1,1,0,0.000145,0,2963,0.005871
51_48,,,2,0,2,2,0,2,0,0,0,0,0.000218,0,352,0.035765
34_16,,,1,3,4,1,3,4,1,1,1,0.000236,0.00014,0,411,0.014995
27_22,,,1,0,1,1,0,1,0,0,0,0,0.000152,0,410,0.013079
27_24,,,1,0,1,1,0,1,0,0,0,0,0.000152,0,408,0.013079
35_13,,,1,0,1,1,0,1,0,0,0,0,0.000249,0,2470,0.010387
30_15,,,1,0,1,1,0,1,0,0,0,0,0.000189,0,1435,0.025619
30_16,,,1,0,1,1,0,1,0,0,0,0,0.000189,0,1434,0.025619
34_28,,,0,5,5,0,5,5,18,0.111897,0.127824,0,0.000113,0,2965,0
34_29,,,2,1,3,2,1,3,3,0.5,0.611111,0,0.000779,0,92,0.124212
34_30,,,1,3,4,1,3,4,24,0.076971,0.086502,0.0001,0.000161,0,2966,0.005871
74_17,,,2,0,2,2,0,2,0,0,0,0,0.000138,0,297,0.056541
40_82,,,2,0,2,2,0,2,0,0,0,0,0.000197,0,482,0.03291
34_48,,,0,1,1,0,1,1,22,0.089496,0.099667,0,0.000113,0,2967,0
34_49,,,0,2,2,0,2,2,24,0.068986,0.074043,0,0.000113,0,2968,0
34_51,,,1,1,2,1,1,2,27,0.061063,0.067615,0.000015,0.000129,0,2969,0.005871
34_53,,,1,2,3,1,2,3,1,1,1,0,0.000129,0,2972,0.005871
18_22,,,1,0,1,1,0,1,0,0,0,0,0.000167,0,2971,0.010387
45_32,,,1,0,1,1,0,1,0,0,0,0,0.000167,0,2970,0.010387
10_107,,,2,0,2,2,0,2,0,0,0,0,0.000467,8,1785,0.020774
35_5,,,0,3,3,0,3,3,22,0.090099,0.102572,0,0.000113,0,2973,0
35_9,,,0,1,1,0,1,1,2,0.666667,0.75,0,0.000113,0,2974,0
10_65,,,1,0,1,1,0,1,0,0,0,0,0.00015,0,1705,0.012558
35_12,,,1,2,3,1,2,3,20,0.101069,0.114276,0.000079,0.00022,0,1081,0.054172
55_23,,,1,0,1,1,0,1,0,0,0,0,0.000206,0,345,0.022991
30_22,,,1,0,1,1,0,1,0,0,0,0,0.000189,0,348,0.026732
35_35,,,2,1,3,2,1,3,1,1,1,0.000031,0.000169,0,688,0.035065
69_24,,,4,0,4,4,0,4,0,0,0,0,0.000699,0,517,0.05728
43_74,,,1,0,1,1,0,1,0,0,0,0,0.000172,0,686,0.087857
43_75,,,1,0,1,1,0,1,0,0,0,0,0.000172,0,685,0.087857
43_78,,,1,0,1,1,0,1,0,0,0,0,0.00014,0,988,0.107686
35_39,,,0,1,1,0,1,1,20,0.101251,0.112603,0,0.000113,0,2975,0
37_167,,,1,0,1,1,0,1,0,0,0,0,0.000144,0,562,0.037933
37_168,,,1,0,1,1,0,1,0,0,0,0,0.000144,0,561,0.037933
37_169,,,1,3,4,1,3,4,22,0.074231,0.083204,0,0.000144,0,1081,0.037933
37_170,,,1,0,1,1,0,1,0,0,0,0,0.000144,0,560,0.037933
35_43,,,0,3,3,0,3,3,23,0.084177,0.096669,0,0.000113,0,2980,0
48_10,,,1,6,7,1,6,7,22,0.075668,0.086178,0.00004,0.000145,0,2979,0.005871
36_5,,,0,2,2,0,2,2,24,0.080706,0.087413,0,0.000113,0,2981,0
36_10,,,0,2,2,0,2,2,21,0.093801,0.10216,0,0.000113,0,2982,0
36_11,,,0,1,1,0,1,1,1,1,1,0,0.000113,0,2983,0
57_17,,,1,0,1,1,0,1,0,0,0,0,0.000196,0,69,0.035977
36_15,,,1,5,6,1,5,6,20,0.095725,0.112663,0.000101,0.000132,0,2985,0.005871
23_34,,,1,0,1,1,0,1,0,0,0,0,0.000135,0,2984,0.010387
36_23,,,0,1,1,0,1,1,1,1,1,0,0.000113,8,2986,0
36_26,,,0,1,1,0,1,1,1,1,1,0,0.000113,0,2987,0
36_28,,,0,5,5,0,5,5,21,0.087882,0.102123,0,0.000113,0,2991,0
36_14,,,1,0,1,1,0,1,0,0,0,0,0.000132,0,2990,0.005871
36_16,,,1,0,1,1,0,1,0,0,0,0,0.000132,0,2989,0.005871
36_17,,,1,0,1,1,0,1,0,0,0,0,0.000132,0,2988,0.005871
36_31,,,0,1,1,0,1,1,1,1,1,0,0.000113,52,2993,0
23_37,,,1,0,1,1,0,1,0,0,0,0,0.000208,52,2992,0.005871
51_49,,,4,0,4,4,0,4,0,0,0,0,0.000472,0,1485,0.042083
36_48,,,0,1,1,0,1,1,3,0.5,0.583333,0,0.000113,0,2994,0
36_51,,,0,1,1,0,1,1,1,1,1,0,0.000113,0,2995,0
37_20,,,1,0,1,1,0,1,0,0,0,0,0.000143,0,2962,0.010387
37_21,,,1,0,1,1,0,1,0,0,0,0,0.000143,0,2961,0.010387
36_64,,,0,3,3,0,3,3,1,1,1,0,0.000113,0,2996,0
36_68,,,0,2,2,0,2,2,1,1,1,0,0.000113,0,2997,0
37_3,,,0,2,2,0,2,2,1,1,1,0,0.000113,53,3000,0
77_5,,,1,0,1,1,0,1,0,0,0,0,0.000161,53,2999,0.005871
77_6,,,1,0,1,1,0,1,0,0,0,0,0.000161,53,2998,0.005871
37_5,,,0,2,2,0,2,2,20,0.10406,0.114425,0,0.000113,0,3007,0
55_17,,,1,2,3,1,2,3,19,0.116017,0.129824,0.000106,0.000161,0,3006,0.005871
70_40,,,2,8,10,2,8,10,1,1,1,0.000001,0.000229,0,3005,0.016258
37_6,,,1,4,5,1,4,5,23,0.080963,0.092323,0.000456,0.000181,0,1081,0.050332
15_17,,,1,0,1,1,0,1,0,0,0,0,0.000151,0,771,0.022265
15_18,,,1,0,1,1,0,1,0,0,0,0,0.000151,0,770,0.022265
37_8,,,1,1,2,1,1,2,23,0.080057,0.090874,0.000241,0.000181,0,1081,0.050332
37_9,,,1,1,2,1,1,2,25,0.072467,0.080981,0,0.000181,0,1081,0.050332
37_10,,,1,3,4,1,3,4,1,1,1,0.000234,0.000181,0,768,0.050332
37_11,,,0,1,1,0,1,1,2,0.666667,0.75,0,0.000113,0,3008,0
37_18,,,0,2,2,0,2,2,19,0.108834,0.122509,0,0.000113,0,3009,0
37_27,,,1,5,6,1,5,6,27,0.065212,0.074277,0.000515,0.000121,0,1081,0.036355
37_37,,,0,1,1,0,1,1,1,1,1,0,0.000113,0,3010,0
37_40,,,0,10,10,0,10,10,22,0.075695,0.087564,0,0.000113,0,3011,0
19_72,,,2,0,2,2,0,2,0,0,0,0,0.000143,0,2977,0.016258
95_5,,,2,3,5,2,3,5,1,1,1,0.000235,0.000164,0,47,0.030235
95_6,,,3,0,3,3,0,3,0,0,0,0,0.000212,0,43,0.036106
37_47,,,2,3,5,2,3,5,1,1,1,0.000158,0.000242,0,595,0.060477
56_17,,,2,0,2,2,0,2,0,0,0,0,0.000229,0,594,0.035427
56_18,,,3,0,3,3,0,3,0,0,0,0,0.000325,0,593,0.041298
56_19,,,3,0,3,3,0,3,0,0,0,0,0.000311,0,592,0.090033
37_48,,,0,2,2,0,2,2,1,1,1,0,0.000113,0,3014,0
12_32,,,1,0,1,1,0,1,0,0,0,0,0.000161,0,3013,0.005871
55_70,,,2,0,2,2,0,2,0,0,0,0,0.000219,0,3012,0.016258
37_51,,,0,7,7,0,7,7,21,0.102417,0.116525,0,0.000113,0,3019,0
114_3,,,1,0,1,1,0,1,0,0,0,0,0.000126,0,3018,0.005871
114_4,,,1,0,1,1,0,1,0,0,0,0,0.000126,0,3017,0.005871
114_5,,,1,0,1,1,0,1,0,0,0,0,0.000126,0,3016,0.005871
114_6,,,1,1,2,1,1,2,21,0.102101,0.113479,0,0.000126,0,3015,0.005871
52_19,,,1,1,2,1,1,2,1,1,1,0.000002,0.000224,0,1155,0.015025
56_51,,,2,0,2,2,0,2,0,0,0,0,0.000156,0,101,0.040876
56_52,,,2,0,2,2,0,2,0,0,0,0,0.000156,0,100,0.040876
88_6,,,1,0,1,1,0,1,0,0,0,0,0.000167,0,1026,0.022063
88_7,,,1,0,1,1,0,1,0,0,0,0,0.000167,0,1025,0.022063
37_76,,,0,1,1,0,1,1,1,1,1,0,0.000113,54,3021,0
37_77,,,1,0,1,1,0,1,0,0,0,0,0.000208,54,3020,0.005871
37_101,,,0,3,3,0,3,3,7,0.263158,0.326488,0,0.000113,0,3022,0
37_105,,,0,3,3,0,3,3,18,0.111753,0.126639,0,0.000113,0,3023,0
37_117,,,0,1,1,0,1,1,1,1,1,0,0.000113,55,3025,0
21_48,,,1,0,1,1,0,1,0,0,0,0,0.000208,55,3024,0.005871
37_143,,,1,2,3,1,2,3,25,0.083389,0.095321,0,0.000137,0,3027,0.005871
21_88,,,2,0,2,2,0,2,0,0,0,0,0.000195,0,3026,0.016258
37_149,,,0,3,3,0,3,3,1,1,1,0,0.000113,0,3028,0
37_150,,,0,1,1,0,1,1,1,1,1,0,0.000113,0,3029,0
37_166,,,1,5,6,1,5,6,22,0.087993,0.101096,0.000389,0.000151,0,1081,0.029927
37_1,,,1,0,1,1,0,1,0,0,0,0,0.000138,0,691,0.017504
38_1,,,2,3,5,2,3,5,20,0.084458,0.09235,0.000412,0.000178,0,1081,0.034463
38_14,,,1,0,1,1,0,1,0,0,0,0,0.000163,0,1002,0.021959
38_4,,,0,1,1,0,1,1,2,0.545455,0.583333,0,0.000113,0,3030,0
38_6,,,0,1,1,0,1,1,4,0.391304,0.453704,0,0.000113,0,3031,0
38_8,,,0,3,3,0,3,3,1,1,1,0,0.000113,0,3032,0
38_9,,,0,5,5,0,5,5,2,0.692308,0.777778,0,0.000113,0,3033,0
38_11,,,0,7,7,0,7,7,2,0.705882,0.791667,0,0.000113,0,3036,0
54_44,,,1,0,1,1,0,1,0,0,0,0,0.000126,0,3035,0.005871
54_46,,,2,0,2,2,0,2,0,0,0,0,0.000222,0,3034,0.011742
38_17,,,0,1,1,0,1,1,1,1,1,0,0.000113,0,3037,0
38_18,,,0,1,1,0,1,1,1,1,1,0,0.000113,41,3038,0
38_24,,,0,2,2,0,2,2,20,0.092353,0.104434,0,0.000113,0,3039,0
38_30,,,0,1,1,0,1,1,1,1,1,0,0.000113,33,3040,0
38_41,,,0,1,1,0,1,1,1,1,1,0,0.000113,56,3042,0
21_83,,,1,0,1,1,0,1,0,0,0,0,0.000208,56,3041,0.005871
38_44,,,0,2,2,0,2,2,24,0.080615,0.091174,0,0.000113,0,3043,0
38_51,,,0,1,1,0,1,1,1,1,1,0,0.000113,0,3044,0
38_54,,,0,4,4,0,4,4,33,0.051169,0.065495,0,0.000113,0,3046,0
41_8,,,1,5,6,1,5,6,33,0.050576,0.062588,0.000001,0.000137,0,3045,0.005871
38_59,,,0,1,1,0,1,1,26,0.069653,0.079411,0,0.000113,0,3047,0
38_63,,,0,3,3,0,3,3,4,0.454545,0.544444,0,0.000113,0,3049,0
7_48,,,1,0,1,1,0,1,0,0,0,0,0.000145,0,3048,0.005871
38_85,,,0,2,2,0,2,2,27,0.063434,0.070951,0,0.000113,0,3050,0
38_87,,,0,2,2,0,2,2,18,0.101856,0.11359,0,0.000113,0,3051,0
39_1,,,0,6,6,0,6,6,22,0.086991,0.097361,0,0.000113,0,3053,0
41_41,,,1,0,1,1,0,1,0,0,0,0,0.000129,0,3052,0.005871
16_74,,,1,0,1,1,0,1,0,0,0,0,0.000159,0,2278,0.019419
6_144,,,1,0,1,1,0,1,0,0,0,0,0.000191,0,869,0.041135
39_8,,,0,4,4,0,4,4,7,0.283019,0.388095,0,0.000113,0,3054,0
39_18,,,1,1,2,1,1,2,6,0.277778,0.353333,0.000001,0.000145,0,3055,0.005871
25_48,,,1,0,1,1,0,1,0,0,0,0,0.000192,0,1754,0.015517
8_3,,,1,0,1,1,0,1,0,0,0,0,0.000147,0,1045,0.056917
38_49,,,1,0,1,1,0,1,0,0,0,0,0.000147,0,53,0.056917
83_7,,,1,3,4,1,3,4,2,0.666667,0.75,0.000471,0.000147,0,49,0.056917
83_18,,,1,0,1,1,0,1,0,0,0,0,0.000147,0,42,0.056917
39_24,,,0,3,3,0,3,3,5,0.413793,0.544444,0,0.000113,0,3056,0
39_27,,,0,2,2,0,2,2,4,0.340909,0.411111,0,0.000113,0,3057,0
39_30,,,0,2,2,0,2,2,4,0.454545,0.616667,0,0.000113,28,3060,0
3_144,,,1,0,1,1,0,1,0,0,0,0,0.000161,28,3059,0.005871
102_8,,,1,1,2,1,1,2,3,0.5,0.611111,0,0.000161,28,3058,0.005871
39_35,,,0,1,1,0,1,1,1,1,1,0,0.000113,0,3061,0
39_41,,,0,2,2,0,2,2,3,0.444444,0.491667,0,0.000113,0,3062,0
39_44,,,0,1,1,0,1,1,22,0.087022,0.101952,0,0.000113,0,3063,0
37_35,,,2,0,2,2,0,2,0,0,0,0,0.000349,0,2388,0.020774
39_51,,,0,3,3,0,3,3,25,0.074548,0.080711,0,0.000113,0,3066,0
28_76,,,1,0,1,1,0,1,0,0,0,0,0.000145,0,3065,0.005871
28_77,,,1,0,1,1,0,1,0,0,0,0,0.000145,0,3064,0.005871
4_146,,,1,0,1,1,0,1,0,0,0,0,0.000169,0,851,0.109859
39_74,,,0,7,7,0,7,7,23,0.083401,0.096035,0,0.000113,0,3068,0
3_194,,,1,0,1,1,0,1,0,0,0,0,0.000126,0,3067,0.005871
39_75,,,0,15,15,0,15,15,5,0.6,0.775694,0,0.000113,0,3071,0
40_5,,,1,0,1,1,0,1,0,0,0,0,0.000119,0,3070,0.005871
40_6,,,1,0,1,1,0,1,0,0,0,0,0.000119,0,3069,0.005871
23_108,,,4,0,4,4,0,4,0,0,0,0,0.00034,0,268,0.112668
40_17,,,0,2,2,0,2,2,24,0.076292,0.086743,0,0.000113,0,3072,0
53_57,,,2,2,4,2,2,4,19,0.096258,0.108059,0.000868,0.00015,0,1081,0.026951
53_58,,,1,0,1,1,0,1,0,0,0,0,0.000128,0,2720,0.010387
67_27,,,1,2,3,1,2,3,1,1,1,0,0.000128,0,2719,0.010387
40_20,,,0,1,1,0,1,1,1,1,1,0,0.000113,0,3073,0
40_21,,,0,2,2,0,2,2,1,1,1,0,0.000113,0,3075,0
30_9,,,1,0,1,1,0,1,0,0,0,0,0.000161,0,3074,0.005871
40_24,,,0,2,2,0,2,2,1,1,1,0,0.000113,0,3076,0
40_25,,,0,1,1,0,1,1,1,1,1,0,0.000113,0,3077,0
40_28,,,0,7,7,0,7,7,20,0.099823,0.110365,0,0.000113,0,3085,0
28_20,,,1,0,1,1,0,1,0,0,0,0,0.000126,0,3084,0.005871
40_26,,,1,0,1,1,0,1,0,0,0,0,0.000126,0,3083,0.005871
44_17,,,1,0,1,1,0,1,0,0,0,0,0.000126,0,3082,0.005871
44_18,,,1,1,2,1,1,2,1,1,1,0,0.000126,0,3081,0.005871
44_19,,,1,1,2,1,1,2,19,0.099326,0.108209,0.000054,0.000126,0,3080,0.005871
44_20,,,1,0,1,1,0,1,0,0,0,0,0.000126,0,3079,0.005871
44_21,,,1,2,3,1,2,3,22,0.09502,0.103399,0.000047,0.000126,0,3078,0.005871
40_29,,,1,5,6,1,5,6,28,0.062794,0.074814,0.000101,0.000208,0,3087,0.005871
20_79,,,1,0,1,1,0,1,0,0,0,0,0.000148,0,3086,0.010387
55_33,,,2,4,6,2,4,6,24,0.080728,0.096448,0.000297,0.00019,0,1153,0.034224
40_38,,,0,1,1,0,1,1,29,0.059116,0.067561,0,0.000113,0,3088,0
40_43,,,1,3,4,1,3,4,28,0.061207,0.068247,0.000015,0.000161,0,3089,0.005871
40_49,,,0,1,1,0,1,1,1,1,1,0,0.000113,0,3090,0
40_65,,,0,1,1,0,1,1,1,1,1,0,0.000113,57,3092,0
40_14,,,1,0,1,1,0,1,0,0,0,0,0.000208,57,3091,0.005871
40_67,,,0,1,1,0,1,1,2,0.666667,0.75,0,0.000113,0,3093,0
40_70,,,0,1,1,0,1,1,1,1,1,0,0.000113,0,3094,0
40_72,,,2,21,23,2,21,23,21,0.091138,0.113212,0.000976,0.000221,0,1081,0.069293
56_53,,,1,0,1,1,0,1,0,0,0,0,0.000122,0,99,0.030489
56_54,,,1,0,1,1,0,1,0,0,0,0,0.000122,0,98,0.030489
56_55,,,1,0,1,1,0,1,0,0,0,0,0.000122,0,97,0.030489
56_56,,,1,1,2,1,1,2,1,1,1,0.000026,0.000122,0,96,0.030489
41_2,,,0,6,6,0,6,6,22,0.086991,0.097361,0,0.000113,0,3096,0
16_102,,,1,0,1,1,0,1,0,0,0,0,0.000129,0,3095,0.005871
41_13,,,2,0,2,2,0,2,0,0,0,0,0.000709,0,533,0.041983
49_17,,,2,0,2,2,0,2,0,0,0,0,0.000298,0,2740,0.026871
52_27,,,1,0,1,1,0,1,0,0,0,0,0.000147,0,80,0.033738
4_96,,,1,0,1,1,0,1,0,0,0,0,0.000121,0,994,0.036355
79_33,,,1,0,1,1,0,1,0,0,0,0,0.000121,0,179,0.036355
50_38,,,1,3,4,1,3,4,2,0.8,0.875,0.000201,0.00017,0,177,0.084327
41_14,,,1,1,2,1,1,2,33,0.047583,0.052836,0,0.000167,0,3097,0.012558
46_21,,,1,4,5,1,4,5,32,0.049958,0.057484,0.000101,0.000254,0,3097,0.012558
41_16,,,1,3,4,1,3,4,1,1,1,0.000001,0.000398,0,1996,0.03972
54_19,,,1,0,1,1,0,1,0,0,0,0,0.000225,0,1995,0.021313
41_19,,,0,1,1,0,1,1,23,0.077248,0.082024,0,0.000113,0,3098,0
36_65,,,1,0,1,1,0,1,0,0,0,0,0.000228,0,397,0.027262
23_106,,,1,0,1,1,0,1,0,0,0,0,0.000172,0,2920,0.010387
41_29,,,0,2,2,0,2,2,26,0.069659,0.079794,0,0.000113,0,3099,0
41_38,,,0,1,1,0,1,1,1,1,1,0,0.000113,58,3101,0
6_89,,,1,0,1,1,0,1,0,0,0,0,0.000208,58,3100,0.005871
26_198,,,1,0,1,1,0,1,0,0,0,0,0.000503,0,1042,0.232888
41_45,,,0,2,2,0,2,2,25,0.071639,0.08143,0,0.000113,0,3104,0
42_14,,,1,0,1,1,0,1,0,0,0,0,0.000161,0,3103,0.005871
46_35,,,1,4,5,1,4,5,24,0.077079,0.090485,0.000101,0.000161,0,3102,0.005871
41_47,,,0,5,5,0,5,5,23,0.090475,0.107724,0,0.000113,0,3105,0
41_48,,,0,1,1,0,1,1,24,0.080373,0.096723,0,0.000113,0,3106,0
96_6,,,1,0,1,1,0,1,0,0,0,0,0.000177,0,2168,0.019995
96_7,,,1,0,1,1,0,1,0,0,0,0,0.000177,0,2167,0.019995
42_4,,,0,2,2,0,2,2,23,0.080077,0.091269,0,0.000113,0,3107,0
64_9,,,2,4,6,2,4,6,25,0.075582,0.087225,0.00105,0.000221,0,1081,0.09669
42_17,,,0,4,4,0,4,4,18,0.099691,0.111568,0,0.000113,0,3109,0
55_7,,,2,1,3,2,1,3,18,0.099474,0.109783,0,0.000221,0,1081,0.045145
55_8,,,1,0,1,1,0,1,0,0,0,0,0.000137,0,3108,0.005871
55_9,,,2,1,3,2,1,3,1,1,1,0.000079,0.000181,0,799,0.027774
42_19,,,0,1,1,0,1,1,27,0.059759,0.065567,0,0.000113,0,3110,0
33_33,,,1,0,1,1,0,1,0,0,0,0,0.000184,0,2686,0.016587
96_18,,,1,0,1,1,0,1,0,0,0,0,0.000133,0,527,0.017616
42_25,,,0,1,1,0,1,1,25,0.067278,0.073549,0,0.000113,0,3111,0
42_26,,,0,3,3,0,3,3,17,0.09624,0.106914,0,0.000113,0,3112,0
30_49,,,1,0,1,1,0,1,0,0,0,0,0.000368,0,1750,0.029337
42_38,,,0,1,1,0,1,1,20,0.087798,0.097586,0,0.000113,0,3113,0
42_39,,,0,1,1,0,1,1,2,0.6,0.666667,0,0.000113,0,3114,0
42_47,,,2,1,3,2,1,3,1,1,1,0,0.000349,0,1135,0.042611
42_50,,,0,1,1,0,1,1,25,0.072715,0.079226,0,0.000113,0,3115,0
43_3,,,0,1,1,0,1,1,1,1,1,0,0.000113,0,3116,0
56_77,,,3,0,3,3,0,3,0,0,0,0,0.000251,0,2351,0.029231
56_78,,,2,0,2,2,0,2,0,0,0,0,0.000142,0,2350,0.018844
56_79,,,2,3,5,2,3,5,24,0.084333,0.095379,0.000233,0.000142,0,2349,0.018844
56_80,,,2,0,2,2,0,2,0,0,0,0,0.000142,0,2345,0.018844
80_11,,,1,0,1,1,0,1,0,0,0,0,0.000126,0,2344,0.012973
80_12,,,1,0,1,1,0,1,0,0,0,0,0.000126,0,2343,0.012973
80_13,,,2,0,2,2,0,2,0,0,0,0,0.00015,0,2342,0.018844
80_14,,,2,0,2,2,0,2,0,0,0,0,0.00015,0,2341,0.018844
80_15,,,2,0,2,2,0,2,0,0,0,0,0.00015,0,2340,0.018844
80_16,,,2,0,2,2,0,2,0,0,0,0,0.00015,0,2339,0.018844
33_62,,,1,0,1,1,0,1,0,0,0,0,0.000146,0,483,0.022522
43_21,,,0,1,1,0,1,1,1,1,1,0,0.000113,59,3118,0
30_35,,,1,0,1,1,0,1,0,0,0,0,0.000208,59,3117,0.005871
43_22,,,0,1,1,0,1,1,24,0.071411,0.077261,0,0.000113,0,3119,0
43_48,,,0,3,3,0,3,3,29,0.056241,0.062867,0,0.000113,0,3122,0
7_134,,,1,0,1,1,0,1,0,0,0,0,0.000145,0,3121,0.005871
7_135,,,1,0,1,1,0,1,0,0,0,0,0.000145,0,3120,0.005871
43_79,,,0,1,1,0,1,1,1,1,1,0,0.000113,0,3123,0
43_88,,,0,2,2,0,2,2,1,1,1,0,0.000113,0,3125,0
25_30,,,1,0,1,1,0,1,0,0,0,0,0.000161,0,3124,0.005871
43_80,,,2,0,2,2,0,2,0,0,0,0,0.000235,0,1356,0.028093
44_8,,,0,1,1,0,1,1,19,0.100011,0.110035,0,0.000113,0,3126,0
44_11,,,0,2,2,0,2,2,1,1,1,0,0.000113,0,3127,0
44_12,,,0,2,2,0,2,2,23,0.084574,0.099958,0,0.000113,0,3128,0
44_13,,,0,6,6,0,6,6,24,0.083246,0.093167,0,0.000113,0,3130,0
34_52,,,2,0,2,2,0,2,0,0,0,0,0.000151,0,658,0.022435
89_24,,,1,0,1,1,0,1,0,0,0,0,0.000129,0,3129,0.005871
44_15,,,0,5,5,0,5,5,24,0.085417,0.100171,0,0.000113,0,3131,0
44_23,,,0,1,1,0,1,1,2,0.538462,0.571429,0,0.000113,0,3132,0
44_31,,,0,3,3,0,3,3,1,1,1,0,0.000113,60,3136,0
23_46,,,1,0,1,1,0,1,0,0,0,0,0.000145,60,3135,0.005871
28_4,,,1,0,1,1,0,1,0,0,0,0,0.000145,60,3134,0.005871
29_39,,,1,0,1,1,0,1,0,0,0,0,0.000145,60,3133,0.005871
44_38,,,0,3,3,0,3,3,23,0.082157,0.092844,0,0.000113,0,3137,0
44_41,,,0,3,3,0,3,3,25,0.073275,0.081225,0,0.000113,0,3138,0
75_34,,,1,0,1,1,0,1,0,0,0,0,0.000139,0,121,0.033114
75_35,,,1,4,5,1,4,5,2,0.7,0.785714,0.000241,0.000139,0,120,0.033114
44_54,,,0,3,3,0,3,3,4,0.4375,0.619048,0,0.000113,0,3140,0
55_56,,,2,0,2,2,0,2,0,0,0,0,0.00024,0,3139,0.011742
55_58,,,2,0,2,2,0,2,0,0,0,0,0.00026,0,365,0.021031
44_59,,,0,3,3,0,3,3,1,1,1,0,0.000113,0,3141,0
45_3,,,0,1,1,0,1,1,23,0.083922,0.092913,0,0.000113,0,3142,0
70_6,,,1,0,1,1,0,1,0,0,0,0,0.000135,0,266,0.02955
70_7,,,2,0,2,2,0,2,0,0,0,0,0.000146,0,265,0.035421
77_12,,,1,0,1,1,0,1,0,0,0,0,0.000135,0,264,0.02955
77_13,,,1,2,3,1,2,3,2,0.75,0.833333,0.000046,0.000135,0,263,0.02955
48_2,,,2,1,3,2,1,3,23,0.079496,0.085615,0.000134,0.000224,0,2659,0.016258
72_22,,,1,0,1,1,0,1,0,0,0,0,0.000128,0,2658,0.010387
72_23,,,1,1,2,1,1,2,21,0.09024,0.099769,0.000082,0.000128,0,2657,0.010387
48_5,,,2,1,3,2,1,3,22,0.086311,0.094575,0.002102,0.000611,0,1081,0.082841
46_10,,,0,3,3,0,3,3,1,1,1,0,0.000113,0,3143,0
55_13,,,1,0,1,1,0,1,0,0,0,0,0.000134,0,374,0.038078
72_1,,,2,1,3,2,1,3,20,0.115479,0.134714,0.001065,0.000289,0,1081,0.092722
9_33,,,1,0,1,1,0,1,0,0,0,0,0.000181,0,369,0.041303
18_107,,,2,0,2,2,0,2,0,0,0,0,0.000239,0,95,0.043331
55_47,,,1,0,1,1,0,1,0,0,0,0,0.000135,0,367,0.026409
55_74,,,1,1,2,1,1,2,1,1,1,0.000079,0.000135,0,366,0.026409
47_1,,,0,1,1,0,1,1,3,0.5,0.566667,0,0.000113,0,3144,0
10_9,,,1,0,1,1,0,1,0,0,0,0,0.000284,0,1504,0.02447
47_14,,,0,2,2,0,2,2,26,0.070824,0.078969,0,0.000113,0,3145,0
37_46,,,2,0,2,2,0,2,0,0,0,0,0.000242,0,596,0.060477
44_55,,,1,0,1,1,0,1,0,0,0,0,0.000169,0,1020,0.041791
55_52,,,2,0,2,2,0,2,0,0,0,0,0.000265,0,1019,0.047662
47_19,,,0,2,2,0,2,2,23,0.095984,0.109393,0,0.000113,0,3146,0
47_27,,,0,3,3,0,3,3,23,0.073546,0.081206,0,0.000113,0,3147,0
47_33,,,0,1,1,0,1,1,21,0.098222,0.112173,0,0.000113,0,3148,0
4_80,,,1,0,1,1,0,1,0,0,0,0,0.000133,0,2978,0.010387
48_18,,,1,0,1,1,0,1,0,0,0,0,0.000133,0,2976,0.010387
48_20,,,0,1,1,0,1,1,1,1,1,0,0.000113,0,3149,0
48_26,,,0,3,3,0,3,3,2,0.8,0.875,0,0.000113,0,3150,0
49_11,,,0,3,3,0,3,3,22,0.093802,0.105922,0,0.000113,0,3153,0
68_11,,,1,0,1,1,0,1,0,0,0,0,0.000145,0,3152,0.005871
104_1,,,1,1,2,1,1,2,22,0.079109,0.087576,0.000021,0.000145,0,3151,0.005871
12_87,,,1,0,1,1,0,1,0,0,0,0,0.000388,28,2424,0.012476
50_1,,,1,4,5,1,4,5,21,0.086989,0.096986,0.000629,0.000147,0,1081,0.019682
38_2,,,1,0,1,1,0,1,0,0,0,0,0.000144,0,1000,0.01478
50_5,,,0,2,2,0,2,2,26,0.069012,0.076261,0,0.000113,0,3154,0
50_7,,,0,1,1,0,1,1,1,1,1,0,0.000113,0,3155,0
50_11,,,0,3,3,0,3,3,1,1,1,0,0.000113,0,3156,0
26_105,,,2,0,2,2,0,2,0,0,0,0,0.000403,0,1228,0.039679
50_15,,,0,3,3,0,3,3,2,0.8,0.875,0,0.000113,0,3157,0
56_85,,,2,2,4,2,2,4,23,0.0849,0.100663,0.001092,0.000219,0,1081,0.027613
50_22,,,1,4,5,1,4,5,25,0.078223,0.094575,0.000101,0.000208,0,3158,0.005871
50_27,,,0,1,1,0,1,1,24,0.080232,0.090102,0,0.000113,0,3159,0
50_35,,,0,1,1,0,1,1,3,0.454545,0.533333,0,0.000113,0,3160,0
50_44,,,0,4,4,0,4,4,22,0.0868,0.10434,0,0.000113,0,3161,0
51_10,,,0,1,1,0,1,1,1,1,1,0,0.000113,61,3163,0
80_17,,,1,0,1,1,0,1,0,0,0,0,0.000208,61,3162,0.005871
51_16,,,0,1,1,0,1,1,1,1,1,0,0.000113,0,3164,0
51_25,,,0,1,1,0,1,1,1,1,1,0,0.000113,62,3166,0
4_86,,,1,0,1,1,0,1,0,0,0,0,0.000208,62,3165,0.005871
51_31,,,0,3,3,0,3,3,2,0.714286,0.8,0,0.000113,0,3169,0
11_75,,,1,0,1,1,0,1,0,0,0,0,0.000145,0,3168,0.005871
11_76,,,1,0,1,1,0,1,0,0,0,0,0.000145,0,3167,0.005871
51_34,,,0,1,1,0,1,1,1,1,1,0,0.000113,0,3170,0
11_80,,,1,0,1,1,0,1,0,0,0,0,0.0002,0,2174,0.021516
51_43,,,0,1,1,0,1,1,1,1,1,0,0.000113,0,3171,0
51_60,,,0,7,7,0,7,7,3,0.576923,0.7,0,0.000113,0,3175,0
52_11,,,1,0,1,1,0,1,0,0,0,0,0.000126,0,3174,0.005871
52_12,,,1,0,1,1,0,1,0,0,0,0,0.000126,0,3173,0.005871
81_6,,,2,1,3,2,1,3,1,1,1,0,0.000799,0,3172,0.020184
52_5,,,0,1,1,0,1,1,3,0.444444,0.5,0,0.000113,0,3176,0
52_6,,,1,1,2,1,1,2,1,1,1,0,0.000792,0,3172,0.017489
52_20,,,0,1,1,0,1,1,1,1,1,0,0.000113,63,3178,0
37_44,,,1,0,1,1,0,1,0,0,0,0,0.000208,63,3177,0.005871
74_40,,,2,0,2,2,0,2,0,0,0,0,0.000214,0,231,0.098688
74_41,,,2,0,2,2,0,2,0,0,0,0,0.000214,0,230,0.098688
52_23,,,2,3,5,2,3,5,2,0.714286,0.8,0.00003,0.000258,0,597,0.025976
52_24,,,0,2,2,0,2,2,1,1,1,0,0.000113,0,3179,0
52_47,,,0,1,1,0,1,1,1,1,1,0,0.000113,64,3181,0
32_21,,,1,0,1,1,0,1,0,0,0,0,0.000208,64,3180,0.005871
52_49,,,0,1,1,0,1,1,1,1,1,0,0.000113,0,3182,0
53_1,,,0,6,6,0,6,6,25,0.078021,0.088539,0,0.000113,0,3185,0
56_75,,,1,0,1,1,0,1,0,0,0,0,0.000129,0,3184,0.005871
56_76,,,1,1,2,1,1,2,1,1,1,0,0.000129,0,3183,0.005871
53_5,,,1,3,4,1,3,4,3,0.625,0.766667,0,0.00019,0,2832,0.019245
81_19,,,2,0,2,2,0,2,0,0,0,0,0.000182,0,2831,0.025116
81_20,,,2,2,4,2,2,4,2,0.625,0.7,0,0.000182,0,2832,0.025116
81_21,,,2,0,2,2,0,2,0,0,0,0,0.000182,0,2828,0.025116
53_6,,,1,1,2,1,1,2,1,1,1,0,0.00019,0,2830,0.019245
27_67,,,1,0,1,1,0,1,0,0,0,0,0.000274,0,2829,0.014729
53_10,,,1,1,2,1,1,2,1,1,1,0,0.000129,0,2825,0.019245
53_13,,,1,5,6,1,5,6,20,0.109611,0.128998,0.000156,0.000129,0,2827,0.019245
42_51,,,1,0,1,1,0,1,0,0,0,0,0.000135,0,2824,0.014729
81_23,,,2,8,10,2,8,10,21,0.105295,0.124351,0.000176,0.00015,0,2827,0.025116
20_23,,,1,0,1,1,0,1,0,0,0,0,0.000216,0,697,0.019212
53_24,,,0,1,1,0,1,1,6,0.245283,0.304487,0,0.000113,0,3186,0
53_27,,,0,1,1,0,1,1,1,1,1,0,0.000113,0,3187,0
53_33,,,0,2,2,0,2,2,1,1,1,0,0.000113,0,3188,0
53_35,,,0,1,1,0,1,1,2,0.666667,0.75,0,0.000113,0,3189,0
53_38,,,1,1,2,1,1,2,25,0.07318,0.079937,0.000005,0.000128,0,1714,0.010387
53_44,,,0,1,1,0,1,1,1,1,1,0,0.000113,0,3190,0
67_2,,,2,0,2,2,0,2,0,0,0,0,0.000424,0,1,0.042604
53_46,,,0,5,5,0,5,5,3,0.578947,0.69697,0,0.000113,0,3198,0
75_37,,,2,0,2,2,0,2,0,0,0,0,0.000141,0,3197,0.011742
75_38,,,2,0,2,2,0,2,0,0,0,0,0.000141,0,3196,0.011742
75_39,,,2,0,2,2,0,2,0,0,0,0,0.000141,0,3195,0.011742
75_40,,,2,4,6,2,4,6,2,0.75,0.833333,0.000001,0.000141,0,3194,0.011742
53_60,,,0,1,1,0,1,1,2,0.666667,0.75,0,0.000113,0,3199,0
53_62,,,0,2,2,0,2,2,22,0.08584,0.092509,0,0.000113,0,3201,0
54_6,,,1,0,1,1,0,1,0,0,0,0,0.000161,0,3200,0.005871
54_9,,,0,1,1,0,1,1,1,1,1,0,0.000113,65,3203,0
26_116,,,1,0,1,1,0,1,0,0,0,0,0.000208,65,3202,0.005871
38_29,,,1,0,1,1,0,1,0,0,0,0,0.000174,0,2892,0.010387
25_2,,,1,0,1,1,0,1,0,0,0,0,0.000135,0,2317,0.013213
54_51,,,0,1,1,0,1,1,24,0.08071,0.086609,0,0.000113,0,3204,0
55_5,,,0,2,2,0,2,2,20,0.096367,0.111403,0,0.000113,0,3205,0
26_182,,,1,0,1,1,0,1,0,0,0,0,0.000266,0,798,0.019658
55_11,,,0,2,2,0,2,2,26,0.067865,0.073549,0,0.000113,0,3206,0
55_37,,,0,4,4,0,4,4,24,0.077415,0.084822,0,0.000113,0,3209,0
84_1,,,1,0,1,1,0,1,0,0,0,0,0.000137,0,3208,0.005871
84_2,,,1,0,1,1,0,1,0,0,0,0,0.000137,0,3207,0.005871
40_71,,,2,0,2,2,0,2,0,0,0,0,0.000221,0,1018,0.069293
55_62,,,1,0,1,1,0,1,0,0,0,0,0.000217,0,17,0.035997
69_23,,,2,0,2,2,0,2,0,0,0,0,0.000556,0,984,0.077033
55_64,,,0,1,1,0,1,1,1,1,1,0,0.000113,66,3211,0
55_48,,,1,0,1,1,0,1,0,0,0,0,0.000208,66,3210,0.005871
55_66,,,0,1,1,0,1,1,1,1,1,0,0.000113,67,3213,0
55_50,,,1,0,1,1,0,1,0,0,0,0,0.000208,67,3212,0.005871
55_68,,,0,1,1,0,1,1,1,1,1,0,0.000113,0,3214,0
55_72,,,0,1,1,0,1,1,1,1,1,0,0.000113,0,3215,0
55_76,,,0,2,2,0,2,2,4,0.421053,0.541667,0,0.000113,0,3216,0
56_10,,,3,2,5,3,2,5,3,0.5,0.633333,0.000002,0.000173,0,1102,0.038679
56_11,,,2,0,2,2,0,2,0,0,0,0,0.000137,0,1100,0.016258
56_12,,,2,0,2,2,0,2,0,0,0,0,0.000137,0,1099,0.016258
56_13,,,2,0,2,2,0,2,0,0,0,0,0.000137,0,1098,0.016258
56_15,,,1,0,1,1,0,1,0,0,0,0,0.000124,0,1097,0.010387
56_16,,,1,0,1,1,0,1,0,0,0,0,0.000124,0,1096,0.010387
56_1,,,0,1,1,0,1,1,1,1,1,0,0.000113,0,3217,0
56_2,,,0,4,4,0,4,4,21,0.096307,0.118099,0,0.000113,0,3218,0
73_14,,,2,0,2,2,0,2,0,0,0,0,0.000283,0,1131,0.046807
56_7,,,1,4,5,1,4,5,5,0.357143,0.441111,0.000003,0.000148,0,2313,0.02242
56_27,,,1,0,1,1,0,1,0,0,0,0,0.000144,0,2312,0.016069
56_14,,,0,7,7,0,7,7,4,0.463415,0.605263,0,0.000113,0,3219,0
56_23,,,1,2,3,1,2,3,1,1,1,0,0.000137,0,3220,0.005871
37_49,,,2,0,2,2,0,2,0,0,0,0,0.000247,0,1087,0.039278
88_11,,,1,4,5,1,4,5,26,0.066903,0.074104,0.000186,0.000235,0,1081,0.03833
77_41,,,1,0,1,1,0,1,0,0,0,0,0.000164,0,2288,0.019245
56_31,,,0,1,1,0,1,1,3,0.470588,0.520833,0,0.000113,0,3221,0
2_25,,,1,0,1,1,0,1,0,0,0,0,0.000225,0,2290,0.014729
56_35,,,0,4,4,0,4,4,30,0.055176,0.062309,0,0.000113,0,3224,0
38_31,,,1,0,1,1,0,1,0,0,0,0,0.000137,0,3223,0.005871
38_32,,,1,0,1,1,0,1,0,0,0,0,0.000137,0,3222,0.005871
77_29,,,1,0,1,1,0,1,0,0,0,0,0.000138,0,108,0.044027
77_30,,,1,0,1,1,0,1,0,0,0,0,0.000138,0,107,0.044027
77_31,,,1,0,1,1,0,1,0,0,0,0,0.000138,0,106,0.044027
77_32,,,1,0,1,1,0,1,0,0,0,0,0.000138,0,105,0.044027
77_33,,,1,0,1,1,0,1,0,0,0,0,0.000138,0,104,0.044027
77_34,,,1,0,1,1,0,1,0,0,0,0,0.000138,0,103,0.044027
56_62,,,0,11,11,0,11,11,3,0.636364,0.746032,0,0.000113,0,3226,0
37_16,,,1,0,1,1,0,1,0,0,0,0,0.000121,0,3225,0.005871
56_82,,,0,1,1,0,1,1,2,0.666667,0.75,0,0.000113,8,3227,0
56_83,,,1,5,6,1,5,6,24,0.078615,0.092554,0,0.000136,0,3235,0.012558
75_26,,,1,5,6,1,5,6,24,0.078615,0.092554,0,0.000136,0,3235,0.012558
75_27,,,1,0,1,1,0,1,0,0,0,0,0.000136,0,3231,0.012558
75_28,,,1,0,1,1,0,1,0,0,0,0,0.000136,0,3230,0.012558
75_29,,,1,0,1,1,0,1,0,0,0,0,0.000136,0,3229,0.012558
75_30,,,1,2,3,1,2,3,23,0.084899,0.100653,0.000101,0.000136,0,3228,0.012558
56_91,,,0,3,3,0,3,3,1,1,1,0,0.000113,0,3236,0
56_96,,,0,1,1,0,1,1,2,0.666667,0.75,0,0.000113,0,3237,0
57_1,,,0,1,1,0,1,1,23,0.084278,0.096854,0,0.000113,0,3238,0
57_5,,,0,8,8,0,8,8,27,0.066163,0.078252,0,0.000113,0,3239,0
57_7,,,0,2,2,0,2,2,20,0.097295,0.111535,0,0.000113,0,3241,0
102_1,,,1,0,1,1,0,1,0,0,0,0,0.000161,0,3240,0.005871
57_10,,,0,4,4,0,4,4,21,0.092627,0.105144,0,0.000113,0,3243,0
4_95,,,1,0,1,1,0,1,0,0,0,0,0.000137,0,3242,0.005871
57_11,,,0,1,1,0,1,1,5,0.380952,0.472917,0,0.000113,0,3244,0
74_42,,,1,0,1,1,0,1,0,0,0,0,0.000131,0,775,0.041379
57_19,,,0,1,1,0,1,1,2,0.6,0.666667,0,0.000113,0,3245,0
57_24,,,0,1,1,0,1,1,2,0.6,0.666667,0,0.000113,0,3246,0
57_29,,,1,3,4,1,3,4,26,0.067821,0.074199,0.001475,0.000203,0,1081,0.037173
21_95,,,1,0,1,1,0,1,0,0,0,0,0.00017,0,639,0.01805
9_78,,,1,0,1,1,0,1,0,0,0,0,0.000188,0,1357,0.022222
9_24,,,1,0,1,1,0,1,0,0,0,0,0.000185,0,1745,0.014903
59_1,,,0,1,1,0,1,1,23,0.084278,0.096854,0,0.000113,0,3247,0
59_6,,,2,0,2,2,0,2,0,0,0,0,0.00028,0,79,0.099781
59_13,,,0,1,1,0,1,1,2,0.6,0.666667,0,0.000113,0,3248,0
59_14,,,0,1,1,0,1,1,5,0.365854,0.43,0,0.000113,0,3249,0
59_19,,,0,2,2,0,2,2,1,1,1,0,0.000113,0,3251,0
21_90,,,1,0,1,1,0,1,0,0,0,0,0.000161,0,3250,0.005871
40_58,,,1,0,1,1,0,1,0,0,0,0,0.000328,0,137,0.077714
10_58,,,1,0,1,1,0,1,0,0,0,0,0.000151,0,1085,0.026393
10_46,,,1,0,1,1,0,1,0,0,0,0,0.000151,0,1084,0.026393
82_8,,,2,0,2,2,0,2,0,0,0,0,0.000251,0,3,0.032264
60_7,,,0,3,3,0,3,3,2,0.8,0.875,0,0.000113,0,3252,0
60_9,,,0,1,1,0,1,1,1,1,1,0,0.000113,0,3253,0
61_13,,,0,2,2,0,2,2,26,0.067803,0.075116,0,0.000113,0,3254,0
62_1,,,0,1,1,0,1,1,23,0.084278,0.096854,0,0.000113,0,3255,0
2_94,,,1,0,1,1,0,1,0,0,0,0,0.000137,0,1263,0.014821
2_95,,,1,0,1,1,0,1,0,0,0,0,0.000137,0,1262,0.014821
64_3,,,0,4,4,0,4,4,5,0.321429,0.45,0,0.000113,0,3257,0
82_7,,,2,0,2,2,0,2,0,0,0,0,0.000161,0,3256,0.011742
64_10,,,1,0,1,1,0,1,0,0,0,0,0.00016,0,9,0.035656
64_11,,,0,2,2,0,2,2,1,1,1,0,0.000113,0,3259,0
57_22,,,1,0,1,1,0,1,0,0,0,0,0.000161,0,3258,0.005871
64_13,,,0,1,1,0,1,1,19,0.115585,0.12772,0,0.000113,0,3260,0
64_18,,,0,1,1,0,1,1,5,0.380952,0.472917,0,0.000113,0,3261,0
4_83,,,1,0,1,1,0,1,0,0,0,0,0.000384,0,202,0.088068
37_7,,,1,0,1,1,0,1,0,0,0,0,0.000181,0,769,0.050332
39_47,,,1,0,1,1,0,1,0,0,0,0,0.000167,0,2718,0.012071
39_48,,,1,0,1,1,0,1,0,0,0,0,0.000167,0,2717,0.012071
96_3,,,1,0,1,1,0,1,0,0,0,0,0.000147,0,999,0.019682
96_4,,,1,0,1,1,0,1,0,0,0,0,0.000147,0,998,0.019682
96_5,,,1,0,1,1,0,1,0,0,0,0,0.000147,0,997,0.019682
68_3,,,0,2,2,0,2,2,33,0.05005,0.056462,0,0.000113,0,3262,0
68_6,,,0,2,2,0,2,2,1,1,1,0,0.000113,0,3263,0
68_15,,,0,17,17,0,17,17,2,0.947368,0.972222,0,0.000113,0,3266,0
68_16,,,1,0,1,1,0,1,0,0,0,0,0.000118,0,3265,0.005871
74_26,,,1,0,1,1,0,1,0,0,0,0,0.000118,0,3264,0.005871
68_48,,,0,4,4,0,4,4,25,0.083477,0.096359,0,0.000113,0,3268,0
37_144,,,1,0,1,1,0,1,0,0,0,0,0.000137,0,3267,0.005871
69_5,,,0,1,1,0,1,1,1,1,1,0,0.000113,68,3270,0
91_11,,,1,0,1,1,0,1,0,0,0,0,0.000208,68,3269,0.005871
26_141,,,1,0,1,1,0,1,0,0,0,0,0.000196,0,1230,0.020739
78_19,,,1,0,1,1,0,1,0,0,0,0,0.000259,0,655,0.019332
81_24,,,1,0,1,1,0,1,0,0,0,0,0.000128,0,2821,0.010387
81_25,,,1,3,4,1,3,4,24,0.084333,0.095379,0.000001,0.000128,0,2820,0.010387
69_48,,,0,1,1,0,1,1,23,0.087693,0.095896,0,0.000113,0,3271,0
69_50,,,0,3,3,0,3,3,24,0.080795,0.087657,0,0.000113,0,3274,0
26_200,,,1,0,1,1,0,1,0,0,0,0,0.000145,0,3273,0.005871
26_201,,,1,0,1,1,0,1,0,0,0,0,0.000145,0,3272,0.005871
69_52,,,0,9,9,0,9,9,20,0.096966,0.114059,0,0.000113,0,3277,0
70_8,,,1,0,1,1,0,1,0,0,0,0,0.000123,0,3276,0.005871
70_9,,,1,1,2,1,1,2,1,1,1,0,0.000123,0,3275,0.005871
70_5,,,0,1,1,0,1,1,3,0.5,0.583333,0,0.000113,0,3278,0
70_33,,,0,1,1,0,1,1,26,0.063114,0.06802,0,0.000113,0,3279,0
70_35,,,0,2,2,0,2,2,7,0.213115,0.28956,0,0.000113,0,3280,0
70_39,,,0,7,7,0,7,7,3,0.75,0.87037,0,0.000113,0,3285,0
86_5,,,1,1,2,1,1,2,2,0.666667,0.75,0,0.000126,0,3284,0.005871
86_6,,,1,0,1,1,0,1,0,0,0,0,0.000126,0,3283,0.005871
86_7,,,1,0,1,1,0,1,0,0,0,0,0.000126,0,3282,0.005871
86_8,,,1,0,1,1,0,1,0,0,0,0,0.000126,0,3281,0.005871
56_60,,,1,0,1,1,0,1,0,0,0,0,0.000137,0,3004,0.016587
56_61,,,1,0,1,1,0,1,0,0,0,0,0.000137,0,3003,0.016587
75_3,,,1,0,1,1,0,1,0,0,0,0,0.000137,0,3002,0.016587
75_4,,,1,0,1,1,0,1,0,0,0,0,0.000137,0,3001,0.016587
70_41,,,0,1,1,0,1,1,1,1,1,0,0.000113,0,3286,0
71_7,,,0,1,1,0,1,1,2,0.666667,0.75,0,0.000113,0,3287,0
71_24,,,0,3,3,0,3,3,22,0.10499,0.118822,0,0.000113,0,3288,0
72_16,,,0,5,5,0,5,5,17,0.114675,0.132612,0,0.000113,0,3289,0
73_2,,,1,3,4,1,3,4,21,0.092559,0.104423,0.000101,0.000132,0,3290,0.005871
73_8,,,0,1,1,0,1,1,1,1,1,0,0.000113,69,3292,0
94_7,,,1,0,1,1,0,1,0,0,0,0,0.000208,69,3291,0.005871
73_19,,,0,1,1,0,1,1,1,1,1,0,0.000113,70,3294,0
76_30,,,2,0,2,2,0,2,0,0,0,0,0.000304,70,3293,0.011742
12_68,,,1,0,1,1,0,1,0,0,0,0,0.000182,0,1532,0.034477
74_5,,,0,2,2,0,2,2,26,0.08074,0.09021,0,0.000113,0,3296,0
33_1,,,1,0,1,1,0,1,0,0,0,0,0.000161,0,3295,0.005871
37_164,,,1,0,1,1,0,1,0,0,0,0,0.000151,0,695,0.029927
37_165,,,1,0,1,1,0,1,0,0,0,0,0.000151,0,694,0.029927
74_56,,,0,1,1,0,1,1,1,1,1,0,0.000113,70,3297,0
75_6,,,0,2,2,0,2,2,25,0.071628,0.079532,0,0.000113,0,3298,0
75_7,,,0,1,1,0,1,1,26,0.067603,0.074325,0,0.000113,0,3299,0
75_9,,,0,2,2,0,2,2,2,0.75,0.833333,0,0.000113,71,3303,0
81_1,,,1,0,1,1,0,1,0,0,0,0,0.000161,71,3302,0.005871
81_2,,,2,1,3,2,1,3,1,1,1,0,0.000208,71,3301,0.011742
75_25,,,0,12,12,0,12,12,2,0.928571,0.961538,0,0.000113,0,3307,0
69_22,,,1,0,1,1,0,1,0,0,0,0,0.000121,0,3306,0.005871
88_8,,,1,0,1,1,0,1,0,0,0,0,0.000121,0,3305,0.005871
88_9,,,1,0,1,1,0,1,0,0,0,0,0.000121,0,3304,0.005871
56_84,,,1,0,1,1,0,1,0,0,0,0,0.000136,0,3234,0.012558
56_86,,,1,0,1,1,0,1,0,0,0,0,0.000136,0,3233,0.012558
56_87,,,1,0,1,1,0,1,0,0,0,0,0.000136,0,3232,0.012558
75_33,,,0,4,4,0,4,4,1,1,1,0,0.000113,72,3312,0
83_31,,,1,0,1,1,0,1,0,0,0,0,0.000137,72,3311,0.005871
84_13,,,1,0,1,1,0,1,0,0,0,0,0.000137,72,3310,0.005871
84_14,,,1,0,1,1,0,1,0,0,0,0,0.000137,72,3309,0.005871
84_15,,,1,0,1,1,0,1,0,0,0,0,0.000137,72,3308,0.005871
39_15,,,1,0,1,1,0,1,0,0,0,0,0.000142,0,119,0.018158
77_50,,,1,1,2,1,1,2,1,1,1,0,0.000143,0,3193,0.014903
95_8,,,1,0,1,1,0,1,0,0,0,0,0.000143,0,3191,0.014903
76_3,,,2,3,5,2,3,5,22,0.091028,0.102227,0.000355,0.000306,0,1081,0.038266
76_4,,,0,2,2,0,2,2,22,0.083578,0.096798,0,0.000113,0,3313,0
76_6,,,1,2,3,1,2,3,20,0.096954,0.108455,0.000101,0.000208,0,3315,0.005871
18_33,,,1,0,1,1,0,1,0,0,0,0,0.000201,0,3314,0.010387
76_13,,,0,1,1,0,1,1,1,1,1,0,0.000113,26,3316,0
76_18,,,0,1,1,0,1,1,21,0.088431,0.096579,0,0.000113,0,3317,0
76_26,,,0,5,5,0,5,5,22,0.084899,0.095131,0,0.000113,0,3321,0
73_1,,,1,0,1,1,0,1,0,0,0,0,0.000132,0,3320,0.005871
73_3,,,1,0,1,1,0,1,0,0,0,0,0.000132,0,3319,0.005871
73_4,,,1,0,1,1,0,1,0,0,0,0,0.000132,0,3318,0.005871
76_28,,,0,5,5,0,5,5,24,0.068993,0.080324,0,0.000113,0,3322,0
76_29,,,0,1,1,0,1,1,1,1,1,0,0.000113,73,3324,0
4_39,,,1,0,1,1,0,1,0,0,0,0,0.000208,73,3323,0.005871
77_1,,,0,2,2,0,2,2,24,0.075961,0.083109,0,0.000113,0,3325,0
77_8,,,0,2,2,0,2,2,1,1,1,0,0.000113,71,3326,0
82_2,,,2,0,2,2,0,2,0,0,0,0,0.000338,71,3300,0.020774
77_10,,,0,4,4,0,4,4,26,0.07034,0.080031,0,0.000113,0,3327,0
77_11,,,0,2,2,0,2,2,28,0.062201,0.070572,0,0.000113,0,3328,0
77_28,,,0,1,1,0,1,1,1,1,1,0,0.000113,0,3329,0
77_39,,,0,2,2,0,2,2,25,0.074776,0.086287,0,0.000113,0,3331,0
11_57,,,1,0,1,1,0,1,0,0,0,0,0.000161,0,3330,0.005871
45_6,,,1,0,1,1,0,1,0,0,0,0,0.000234,0,3192,0.013754
78_8,,,1,1,2,1,1,2,4,0.352941,0.444444,0,0.000161,0,3332,0.005871
78_14,,,0,1,1,0,1,1,4,0.368421,0.440476,0,0.000113,0,3333,0
78_16,,,0,1,1,0,1,1,1,1,1,0,0.000113,0,3334,0
78_17,,,0,1,1,0,1,1,1,1,1,0,0.000113,0,3335,0
78_18,,,0,1,1,0,1,1,29,0.062561,0.074265,0,0.000113,0,3336,0
78_20,,,0,6,6,0,6,6,26,0.070346,0.080606,0,0.000113,0,3337,0
78_23,,,0,1,1,0,1,1,32,0.052334,0.058174,0,0.000113,0,3338,0
78_35,,,0,1,1,0,1,1,3,0.461538,0.527778,0,0.000113,0,3339,0
78_37,,,0,2,2,0,2,2,22,0.093193,0.110418,0,0.000113,0,3340,0
79_15,,,0,1,1,0,1,1,1,1,1,0,0.000113,0,3341,0
79_34,,,0,1,1,0,1,1,1,1,1,0,0.000113,0,3342,0
79_35,,,0,1,1,0,1,1,1,1,1,0,0.000113,0,3343,0
80_20,,,0,1,1,0,1,1,23,0.083477,0.091536,0,0.000113,0,3344,0
80_22,,,0,2,2,0,2,2,1,1,1,0,0.000113,0,3346,0
2_259,,,1,0,1,1,0,1,0,0,0,0,0.000161,0,3345,0.005871
38_19,,,1,0,1,1,0,1,0,0,0,0,0.000262,0,87,0.046147
56_8,,,1,0,1,1,0,1,0,0,0,0,0.000148,0,2311,0.02242
56_9,,,1,0,1,1,0,1,0,0,0,0,0.000148,0,2310,0.02242
81_14,,,0,2,2,0,2,2,29,0.05941,0.065913,0,0.000113,0,3347,0
81_17,,,1,5,6,1,5,6,20,0.096383,0.112265,0.000101,0.000161,0,3348,0.005871
53_7,,,1,0,1,1,0,1,0,0,0,0,0.000129,0,2826,0.019245
53_14,,,1,0,1,1,0,1,0,0,0,0,0.000129,0,2823,0.019245
53_15,,,1,0,1,1,0,1,0,0,0,0,0.000129,0,2822,0.019245
82_1,,,0,1,1,0,1,1,1,1,1,0,0.000113,35,3349,0
82_19,,,0,3,3,0,3,3,20,0.101957,0.120673,0,0.000113,0,3350,0
17_35,,,1,0,1,1,0,1,0,0,0,0,0.000157,0,800,0.021903
83_13,,,0,2,2,0,2,2,2,0.55,0.590909,0,0.000113,0,3351,0
83_23,,,0,1,1,0,1,1,5,0.307692,0.404167,0,0.000113,0,3352,0
23_109,,,1,0,1,1,0,1,0,0,0,0,0.00015,0,2703,0.012558
23_111,,,1,0,1,1,0,1,0,0,0,0,0.00015,0,2702,0.012558
84_19,,,0,1,1,0,1,1,26,0.072587,0.08393,0,0.000113,0,3353,0
85_1,,,0,1,1,0,1,1,22,0.086011,0.097169,0,0.000113,0,3354,0
85_3,,,0,3,3,0,3,3,23,0.076582,0.090075,0,0.000113,0,3355,0
85_4,,,0,2,2,0,2,2,3,0.466667,0.571429,0,0.000113,0,3358,0
23_53,,,1,0,1,1,0,1,0,0,0,0,0.000161,0,3357,0.005871
98_5,,,1,2,3,1,2,3,2,0.625,0.7,0,0.000161,0,3356,0.005871
86_4,,,0,1,1,0,1,1,25,0.075107,0.082798,0,0.000113,0,3359,0
53_36,,,1,0,1,1,0,1,0,0,0,0,0.000128,0,1715,0.010387
53_42,,,1,0,1,1,0,1,0,0,0,0,0.000128,0,1713,0.010387
88_18,,,0,1,1,0,1,1,2,0.6,0.666667,0,0.000113,0,3360,0
89_3,,,0,2,2,0,2,2,2,0.75,0.833333,0,0.000113,0,3361,0
89_4,,,0,2,2,0,2,2,21,0.088002,0.099272,0,0.000113,0,3363,0
81_18,,,1,0,1,1,0,1,0,0,0,0,0.000161,0,3362,0.005871
89_5,,,0,1,1,0,1,1,22,0.089327,0.098762,0,0.000113,0,3364,0
89_9,,,0,1,1,0,1,1,1,1,1,0,0.000113,74,3366,0
26_149,,,1,0,1,1,0,1,0,0,0,0,0.000208,74,3365,0.005871
89_15,,,0,2,2,0,2,2,23,0.087323,0.096043,0,0.000113,0,3367,0
89_28,,,0,2,2,0,2,2,24,0.073485,0.086265,0,0.000113,0,3368,0
90_4,,,0,4,4,0,4,4,21,0.086861,0.096691,0,0.000113,0,3369,0
91_7,,,0,1,1,0,1,1,22,0.090705,0.100707,0,0.000113,0,3370,0
92_3,,,0,2,2,0,2,2,5,0.32,0.466667,0,0.000113,0,3371,0
92_12,,,0,1,1,0,1,1,22,0.095046,0.109644,0,0.000113,0,3372,0
93_7,,,0,1,1,0,1,1,24,0.080664,0.086889,0,0.000113,0,3373,0
94_1,,,0,1,1,0,1,1,19,0.103376,0.113988,0,0.000113,0,3374,0
94_2,,,0,1,1,0,1,1,24,0.073681,0.078523,0,0.000113,0,3375,0
97_4,,,0,1,1,0,1,1,1,1,1,0,0.000113,0,3376,0
98_2,,,0,4,4,0,4,4,1,1,1,0,0.000113,0,3377,0
98_4,,,0,1,1,0,1,1,1,1,1,0,0.000113,75,3379,0
3_105,,,1,0,1,1,0,1,0,0,0,0,0.000208,75,3378,0.005871
84_3,,,1,0,1,1,0,1,0,0,0,0,0.000169,0,1167,0.018454
84_4,,,1,0,1,1,0,1,0,0,0,0,0.000169,0,1166,0.018454
101_4,,,0,1,1,0,1,1,1,1,1,0,0.000113,76,3381,0
54_7,,,1,0,1,1,0,1,0,0,0,0,0.000208,76,3380,0.005871
3_151,,,1,0,1,1,0,1,0,0,0,0,0.000217,0,1944,0.010387
104_2,,,0,1,1,0,1,1,1,1,1,0,0.000113,77,3383,0
70_18,,,1,0,1,1,0,1,0,0,0,0,0.000208,77,3382,0.005871
105_1,,,0,4,4,0,4,4,20,0.092416,0.104392,0,0.000113,0,3384,0
107_3,,,0,2,2,0,2,2,1,1,1,0,0.000113,78,3387,0
89_17,,,1,0,1,1,0,1,0,0,0,0,0.000161,78,3386,0.005871
89_18,,,1,0,1,1,0,1,0,0,0,0,0.000161,78,3385,0.005871
113_1,,,0,1,1,0,1,1,20,0.096362,0.111116,0,0.000113,0,3388,0
